54089
106032
100977
105088
106403
106176
105611
121213
84628
105885
57298
52617
34473
68482
107536
54895
70974
111657
107602
51654
68473
70739
57295
25323
98241
50520
105038
111483
106806
46993
40309
111370
92811
53005
107478
98853
27127
54731
27608
42413
116689
116781
54854
107529
43075
42722
107302
54128
40403
68110
111948
92778
99708
70745
52901
42873
58297
108356
113405
111682
111903
70852
54670
116757
69476
46331
52671
46989
93842
45624
69090
93790
106959
57989
92020
62523
84156
93649
50507
96876
93142
107496
69524
111698
40302
57292
56528
99016
116759
105175
27119
50490
106862
111509
107542
43033
57784
69420
51963
99117
111671
106823
62548
106964
93468
54718
53331
54745
52778
91808
91752
95104
101946
32676
116650
108365
69048
61560
57303
54060
116947
33042
105878
68149
71983
98597
50508
66156
107530
52899
54705
51603
99825
103475
50417
77322
106623
105160
45439
26572
43535
107507
69023
105444
100588
43074
65776
106725
52775
111622
85539
62546
106556
99701
106435
106707
106668
111904
69035
92011
27044
65798
62576
38783
91746
51525
52897
57289
40418
106326
54855
117279
27045
56770
43024
111886
50517
76436
42520
91820
43072
105967
50478
37611
50549
105047
54278
42788
107679
96604
51563
106680
116680
106229
44869
54908
54720
40751
92807
53065
106649
111644
105039
107539
54169
97953
45221
54912
91978
64419
116794
116696
106210
111678
53094
54841
62564
68130
56677
48009
53358
47001
106266
62514
106237
106610
55693
75806
69031
106710
92127
96726
26803
54898
105589
54668
96744
116676
27115
66122
33734
68220
92716
106941
69320
55894
44739
56101
111636
105167
60404
105173
111874
54902
95011
62509
106454
65799
91988
76568
40407
42489
42519
106658
106716
54656
25123
53353
124376
85005
91759
54685
57336
119273
42185
53274
106545
52393
111873
50532
48011
99005
107482
98304
50528
37582
111421
106179
107528
111418
69346
111888
43326
106286
105839
106664
111623
99009
107559
92814
54202
41750
116804
115876
106651
37597
93355
111648
42458
98845
93653
28485
29161
98254
108361
92096
106249
99030
68620
60426
69378
68116
75593
57329
124532
106603
116853
106677
92514
107535
46678
37682
69447
105435
107551
106082
112155
57327
51550
94366
53304
54050
111662
76448
105689
105213
27982
52987
93812
105064
69185
76445
68106
33953
55072
71094
76702
64428
107516
68121
105073
77759
107562
112067
58037
93421
106279
100134
65787
62573
43011
106632
66142
105733
62501
115513
43023
75654
60407
50541
42986
91686
50526
69415
68118
106642
106419
40423
101753
37633
54729
49989
62547
42494
32881
96391
105061
62563
111666
75568
69338
111914
27106
116673
50487
70734
68461
106687
57301
27107
66128
108364
54688
56514
93430
116774
75117
107491
107407
54666
54662
29189
52893
62540
77251
97259
50506
62525
69039
60599
42739
57462
100610
92709
33802
61223
75741
106313
67361
106969
108359
84991
52622
92272
105660
27049
105599
42508
53056
106405
105060
42509
45398
45233
68117
111476
108414
76545
107545
105212
28516
52403
70332
51569
97449
116674
116683
106589
55788
105556
112017
37577
105729
28000
92711
106594
105730
51562
107484
91743
106218
82405
56792
116679
43456
55674
82430
91730
99814
106287
111390
68472
105178
107527
105049
57505
66133
106290
81929
54459
105734
106324
69369
54727
108381
92715
