main-----------pmf-score:
0.0	0.0	0.0	0.0	0.0	0.0	0.0	0.0	0.0	0.0	

=======================================================================================================

 model---------------------pmf_score:
0.0	0.0	0.0	0.0	0.0	0.0	0.0	0.0	0.0	0.0	

============================================================================================================

model-----------------lower_skills:
0.3641760550732111	0.0	0.0	
============================================================================================================
model-----------------upper_skills:
1.0	1.0	1.0	
============================================================================================================

model--------final---------lower_skills:
0.3641760550732111	0.0	0.0	


=======================================================================================================


model--------final---------upper_skills:
1.0	1.0	1.0	


=======================================================================================================

main-----------pmf-score:
0.0	0.0	0.0	0.0	0.0	0.0	0.0	0.0	0.0	0.0	

=======================================================================================================

 model---------------------pmf_score:
0.0	0.0	0.0	0.0	0.0	0.0	0.0	0.0	0.0	0.0	

============================================================================================================

model-----------------lower_skills:
0.06073318754022043	0.0	0.06073318754022056	
============================================================================================================
model-----------------upper_skills:
1.0	1.0	1.0	
============================================================================================================

model--------final---------lower_skills:
0.06073318754022043	0.0	0.06073318754022056	


=======================================================================================================


model--------final---------upper_skills:
1.0	1.0	1.0	


=======================================================================================================

main-----------pmf-score:
0.0	0.0	0.0	0.0	0.0	0.0	0.0	0.0	0.0	0.0	

=======================================================================================================

 model---------------------pmf_score:
0.0	0.0	0.0	0.0	0.0	0.0	0.0	0.0	0.0	0.0	

============================================================================================================

model-----------------lower_skills:
0.0	0.0	0.0	
============================================================================================================
model-----------------upper_skills:
1.0	0.9392668124597794	1.0	
============================================================================================================

model--------final---------lower_skills:
0.0	0.0	0.0	


=======================================================================================================


model--------final---------upper_skills:
1.0	0.9392668124597794	1.0	


=======================================================================================================

main-----------pmf-score:
0.0	0.0	0.0	0.0	0.0	0.0	0.0	0.0	0.0	0.0	

=======================================================================================================

 model---------------------pmf_score:
0.0	0.0	0.0	0.0	0.0	0.0	0.0	0.0	0.0	0.0	

============================================================================================================

model-----------------lower_skills:
0.4546249088793046	0.0	0.0	
============================================================================================================
model-----------------upper_skills:
1.0	1.0	1.0	
============================================================================================================

model--------final---------lower_skills:
0.4546249088793046	0.0	0.0	


=======================================================================================================


model--------final---------upper_skills:
1.0	1.0	1.0	


=======================================================================================================

main-----------pmf-score:
0.0	0.0	0.0	0.0	0.0	0.0	0.0	0.0	0.0	0.0	

=======================================================================================================

 model---------------------pmf_score:
0.0	0.0	0.0	0.0	0.0	0.0	0.0	0.0	0.0	0.0	

============================================================================================================

model-----------------lower_skills:
0.06073318754022043	0.0	0.3641760550732111	
============================================================================================================
model-----------------upper_skills:
1.0	1.0	1.0	
============================================================================================================

model--------final---------lower_skills:
0.06073318754022043	0.0	0.3641760550732111	


=======================================================================================================


model--------final---------upper_skills:
1.0	1.0	1.0	


=======================================================================================================

