607
383
4881
2167
2048
2888
7066
7076
459
4244
207
4780
190
217
2677
4233
4692
433
4673
5652
2428
230
7899
8575
2221
2213
4024
449
3365
1126
323
7986
2172
4236
6295
219
7335
723
5161
2207
3252
316
5148
7082
8557
5130
4785
6371
98
5142
4775
105
3641
8694
170
2761
1129
7065
4653
4822
107
231
7753
2423
7080
7077
221
5122
7787
4766
2399
3486
2679
371
5217
4833
3294
2681
3379
472
8399
2852
454
8587
246
2270
8574
3397
100
3302
5218
8980
5138
8135
1132
683
4038
361
3958
176
3293
3702
4234
983
8559
8958
3393
8588
470
173
4824
4693
3272
3303
4596
8162
8580
3543
475
3375
2682
4686
389
5118
324
4492
4601
3820
2826
8398
4669
3481
108
3358
7075
2203
3356
7074
784
2046
4578
5917
8155
234
3287
4472
4467
418
3351
2276
476
3357
8982
177
5147
509
5119
940
4681
432
209
423
6990
386
7373
3895
5120
2683
4876
942
3423
413
8556
2191
420
92
2169
2047
2840
8576
4860
6642
2663
2859
7106
4883
4870
2357
3484
3371
171
4680
1125
368
3599
2404
4479
2308
8122
654
7329
578
3436
2704
2851
121
8681
90
5459
5141
989
8589
8023
5488
445
1131
6989
5150
102
2417
2304
3540
4884
97
3376
5156
7903
3945
91
101
220
2402
4835
2848
5153
3539
3541
99
3482
3429
2849
4491
3693
5160
697
1980
426
3372
2827
3355
3373
2367
6315
3273
143
6225
7790
2170
3644
2283
282
5121
3487
805
444
2416
6296
3258
3402
2215
8570
4825
4702
705
2153
2192
3648
464
1981
5617
3394
213
8562
700
3542
2415
854
4657
3600
3598
4302
2295
3477
166
417
1128
104
3260
169
597
5154
192
2166
8366
8569
8566
8571
2045
6316
3643
465
235
5143
2206
162
5159
7789
5151
468
7247
223
941
3642
5859
2856
7079
939
4015
2349
5155
2306
4832
109
4401
1127
3421
518
7755
442
7070
456
218
4193
7738
4843
8567
2201
3353
2271
3395
210
2212
212
1979
3437
7905
3483
3396
3352
189
8568
3647
2401
2209
2388
2156
4235
8573
806
2140
8990
284
5145
161
2165
302
936
211
440
416
4858
7081
2469
8579
431
2214
4603
5860
5458
208
174
2489
687
2645
3374
6969
2662
5157
2492
6317
412
4874
4086
8269
462
1130
267
684
2359
3241
8558
446
233
3413
7315
2293
2200
4827
491
7064
4823
3422
5216
3819
3301
5162
7786
514
382
4845
879
5616
261
178
8572
232
1133
2275
3350
222
2661
6855
103
4489
3347
4600
2680
160
2294
2678
4863
172
8156
106
722
5219
7098
2648
2269
5618
569
6888
3645
2193
2218
362
427
8581
5117
4945
168
463
5149
4778
7078
6294
3362
471
