27608,2492,3365,2276,697,2367,3301,2172,2848,2047,143,2046,3258,2856,2283,2304,2849,3362,2308,2275,2761,2048,2349,2140,2306,2221,3487,2269,2271,2218,2489,2840
27115,806,231,879,101,99,174,176,235,104,189,97,232,233,230,784,162,217,220,190,213,170,805,109,177,90,171,102,169,92,222,209,108,106,207,178
27106,879,217,218,168,102,161,189,231,221,98,684,106,2859,101,190,90,234,172,235,219,223,806,805,220,211,207,232,107,209,222,192,176,178,91,210,100,208,99,109,103
27107,190,218,233,98,90,162,221,170,207,192,101,234,879,235,222,189,806,223,210,213,230,246,108,784,217,219,102,109,100,107,99,3422,178,106,209,176,220
27045,784,220,192,103,92,177,223,233,209,805,100,230,170,231,879,174,173,169,212,108,806,246,160,171,219,221,97,161,207,109,102,3422,105,218,211,178,222
27119,683,101,230,171,189,219,231,99,700,161,805,97,172,92,106,178,246,232,176,170,169,233,103,209,173,2888,211,235,221,223,107,212,98,210,109,162,218,879,102
27982,170,233,218,160,101,178,784,190,207,171,99,805,806,169,210,106,174,231,108,172,220,222,98,109,161,107,97,235,213,219,209,211,223
26572,784,221,192,207,99,178,879,233,210,805,97,230,231,169,174,173,170,213,109,806,246,161,172,220,222,101,162,208,160,103,3422,106,219,212,104,223
28516,806,97,169,107,207,178,231,235,160,189,210,232,233,805,217,220,230,98,212,190,171,173,104,213,108,211,106,102,223,170,162,221,174
28000,178,232,207,805,102,98,171,212,108,177,233,104,246,231,218,221,234,161,223,235,189,192,105,879,103,222,101,209,174,806,217,172,230
27044,784,221,192,207,99,178,879,232,210,805,97,246,230,169,174,173,170,213,109,806,235,161,172,220,222,101,162,208,160,103,2859,106,219,212,104,223
28485,170,233,221,160,97,210,784,190,104,171,92,805,806,169,107,176,174,231,178,172,223,212,101,207,161,177,103,235,219,222,106,217,213
27049,177,2859,104,99,162,784,207,879,97,92,100,173,172,210,213,169,189,108,220,222,101,109,105,107,103,3422,178,219,209,176,223
27127,784,221,192,107,97,162,879,233,207,805,103,230,231,169,174,173,170,210,178,806,246,212,172,220,222,90,213,108,211,92,3422,106,219,209,104,223
26803,211,171,805,3421,207,99,106,221,230,210,784,97,806,189,170,213,109,173,4778,177,172,220,222,101,178,208,176,103,3423,162,219,212,160,223
32881,2492,2349,2357,382,2045,2293,3302,2469,2423,418,723,2170,3365,806,3303,2826,2388,2852,2761,2359,2489,3301,3287,2367,2047,2648,2271,2172,2193,2428,2269,2304,2308,2827,2221,784,2704,941,2218,2046
29161,211,171,189,246,207,99,178,221,231,210,784,97,190,192,170,213,109,173,234,161,172,220,222,101,162,208,160,103,3422,106,219,212,104,223
32676,2367,2840,3486,2269,2276,941,2308,2856,3302,2359,2848,2047,3287,2761,2170,2218,2849,3365,2293,2852,2469,2275,2048,2294,2349,2283,2221,3402,2489,2270,2140,2423,2388
34473,3272,936,2045,2172,413,569,3303,2849,941,2304,442,2856,371,722,444,3486,445,2191,3302,412,362,3258,2047,2221,368,471,2218,3301,386,2275,2140,723,2283,2852,2276,2848,2306,2269,2046
33802,2423,7986,2852,4302,941,2648,2191,2294,2859,2428,4038,2218,2283,3303,723,2047,2172,2308,2193,2140,2856,3287,4086,2221,382,2048,4244,3819,2848,2851,722,2704,3301
33953,2276,4302,941,2423,4235,4038,940,2283,8023,3958,2489,2304,2046,2704,2349,2492,2648,2294,2306,4086,2193,4233,2645,4244,476,2191,2293,2045,2170,2308
38783,323,383,683,3356,3347,3351,684,470,362,462,389,368,3357,433,3395,518,3396,687,509,3355,3353,3482,417,445,3358,431,449,3484,3437,2888,442,454,471,446,468,463,465,3436,386
33042,3302,3303,2859,2170,2046,2428,2388,722,2218,3258,2193,3362,3365,2851,2852,2294,2308,3287,3487,2357,2856,2275,2761,2221,2359,2172,2349,2140,3477,2269,2271,2293,2489,2840
33734,3362,382,2283,3303,722,3379,2271,2170,2046,2428,386,2218,723,2193,371,2388,368,2489,2469,3481,3477,2492,2294,2308,426,854,2357,2270,362,3258,3301,2221,2359,2172,2349,2140,2840,2849,2293
29189,2849,722,723,382,2283,2469,3365,3402,2704,2170,2046,2428,854,2218,3379,2193,3481,3258,426,2645,2848,3362,3303,2648,2294,2308,2200,2489,2357,2840,3486,2275,2761,2221,2359,2172,2349,2140,2269,2293
40302,2388,2218,3302,2047,2469,2271,416,3258,2270,2851,2193,2852,2294,2308,3487,3287,2357,2489,2645,2221,2359,2172,2349,2140,3486,2849,2856,2293,2840,2648
40309,2852,3303,2193,2048,2848,3258,2218,2269,2140,2047,416,2388,2275,2294,2308,2270,3302,2357,2489,2423,2170,2359,2221,2349,2191,3365,2851,2648,2293,2849,2428
40423,2761,3303,3477,2193,2046,2306,2423,2648,2840,3258,2140,3486,3487,3302,2275,2271,2852,2704,3287,3365,2283,2388,2492,2428,2170,2293,2221,2218,2191,426,2357,2489,2849,2308,2269
40403,2359,2170,2046,2645,2423,2193,2045,2269,3302,2048,3486,2271,2283,2304,2761,3487,2308,2469,2275,2221,2349,2172,2306,2140,3402,3477,2270,2218,2489,2388
40751,3350,3357,166,386,3351,3437,316,389,444,3352,413,3358,3393,3484,3347,3356,509,468,433,3353,431,446,518,465,420,371,449,417,442,383,282,459,464,440,454,3482
42489,3483,1125,143,170,449,166,3641,700,3642,1127,1129,190,684,683,468,413,1126,470,371,192,417,233,169,472,3644,3643,174,173,3645,386,168,189,230,1133,454,3648,3482,456,302,445,1131,383
42986,454,371,697,230,386,687,143,160,190,684,232,169,444,468,172,233,440,162,170,362,446,368,470,413,323,3483,161,472,459,171
43011,169,433,514,362,121,4775,235,230,697,170,371,189,221,683,700,171,233,472,449,161,368,444,412,417,386,324,509,442,3702,4778,162
42413,3484,170,189,423,413,3413,683,174,368,160,440,171,172,169,3482,3702,417,445,161,100,470,3483,697,684,446,471,3351,468,420,192,449,459,386,3436,687
41750,192,160,234,697,3351,284,169,324,687,230,423,235,172,246,170,190,189,171,4766,459,231,3260,463,173,3353,161,166,464,683,462,302,3294,3484,3352,371,3482,162
43075,170,3648,3647,1132,143,3641,235,230,1129,171,302,190,324,683,697,172,233,3483,160,162,1125,3484,1131,3482,1133,323,3645,3351,1127,3642,169
42509,91,121,472,170,97,99,190,362,468,683,176,417,101,371,107,90,108,171,189,100,98,172,445,446,102,207,442,174,104,160,162,368,440,412,433,386,684,700,444
43024,442,190,230,92,417,412,683,170,234,433,2663,371,231,232,189,470,3351,2661,90,3436,192,169,171,368,3437,472,3413,386,4860,700,162,468,684,172
42739,687,383,420,578,440,412,316,192,654,362,431,171,471,433,174,230,446,170,172,413,683,386,442,368,234,189,169,470,3351,173
40418,3487,2293,3477,2047,2645,2648,2221,3365,3303,2275,2276,2271,2306,2357,3543,3379,2367,2761,3287,2140,2423,2218,2359,2172,426,2469,2388,2304,2269,3301
40407,3487,2293,3477,2047,3302,3303,2170,3365,3301,2275,2172,2271,2306,2357,3543,3379,2367,2761,2648,2191,2423,2218,2359,2221,426,2469,2388,2304,2269,3258
44869,5150,412,445,173,316,4874,282,449,284,5143,5141,190,454,423,697,4824,413,166,302,192,4778,233,172,4780,5157,463,162,161,5160,444,4876,189,230,4870,4883,462,5149,4884,4881,4766,5119,472
43535,464,172,233,4780,420,417,449,190,697,465,4824,173,174,161,463,171,162,368,433,169,231,440,462,446,454,4825,362,4785,442,4778,235,445,471,371,472,456
43033,173,174,234,1126,168,3642,413,246,1131,170,684,189,190,162,161,1128,3482,171,232,3484,169,412,509,687,449,1133,3483,1125,323,3647,362,1129,3644,514
42458,472,169,234,2663,368,168,684,174,246,417,170,362,190,162,445,449,171,232,433,172,470,160,412,442,383,446,371,323,2661,468,444,687,161
42722,169,1131,174,446,442,683,1128,230,383,170,362,189,190,1127,162,161,5118,168,472,171,233,445,160,1132,1130,412,468,371,444,440,323,700,1133,166,684,1129
45398,3437,368,468,230,417,362,569,160,190,471,232,169,445,442,172,233,449,162,170,412,3413,383,446,371,323,168,161,444,456,171
43326,1125,169,235,3643,687,413,3484,174,230,3351,170,168,190,162,1133,1130,171,233,1128,172,3642,160,302,1127,700,1129,684,323,3647,3641,1126,3644,161
42508,383,509,514,569,1132,3648,174,230,4778,3351,168,3641,246,1133,189,683,233,162,234,518,368,173,172,4775,1130,1127,231,3642,3483,371,190,412,440,684,3484,1125,3482,700,3645,1131
42185,5120,683,413,230,700,168,412,160,190,166,232,169,1133,1130,172,233,1128,162,170,302,1127,684,1129,697,323,5151,161,1126,5122,171
46331,449,445,444,509,362,569,459,3482,389,3693,371,282,4827,1125,1132,3702,454,1130,442,3436,368,1129,514,1131,386,463,472,433,427,3351,3437
45439,2191,2840,3486,2269,2276,2704,2367,2856,3302,2172,2848,2047,3287,2761,2283,2304,2849,3365,2308,2852,2469,2275,2048,2349,2140,2306,2221,3477,2489,2270,2218,2423,2388
44739,161,169,232,302,433,1130,3645,173,383,162,412,170,171,192,449,3642,683,700,189,230,1126,160,3644,3647,413,1133,371,1125,168,234,1127,3484,697,1129,3648
42788,189,3642,171,3484,471,3351,413,230,684,190,302,172,173,509,162,161,514,1125,1132,192,233,1130,160,3641,362,697,1129,3429,1131,3483,323,3645,3643,700,449,412
42520,1128,169,174,235,1132,302,3642,509,230,1129,173,3484,189,190,162,3351,3644,171,233,3647,170,413,514,1125,3648,1131,3645,1133,323,687,412,1127,683,518
43023,169,3647,174,412,168,1127,3641,230,683,170,468,189,190,3642,442,433,160,700,1133,171,233,1131,162,3645,3648,470,1130,413,1132,362,323,3483,3644,687,3351,3643
43456,143,302,3647,171,160,449,3648,413,383,1129,232,168,172,468,192,518,230,683,509,170,169,684,3482,1125,173,235,1133,700,3642,3645,470,1132,454,1126,412,1128,3351,3641,697
42494,3642,1125,302,230,1132,684,168,160,190,683,232,169,1129,3482,172,233,3484,162,170,687,3643,1126,3483,3351,323,413,161,1130,362,171
42519,173,174,235,3483,302,3648,700,230,1125,170,362,189,190,162,161,1132,1129,171,233,1127,169,687,509,412,3644,3484,1128,3482,323,3642,684,1133,3643,514
43072,1125,169,235,449,683,302,3647,174,230,700,170,3351,190,162,1133,1130,171,233,1128,172,412,160,3482,1127,684,1129,3484,323,3641,362,1126,3648,161
43074,3641,1125,368,361,1130,267,174,172,324,261,189,417,440,433,161,683,442,173,449,169,1127,518,1129,684,171,190,362,302,1126,160,412,371,230,121,468,192,170,386,1133,3643,3483,231,3429,687,471,1131,383
46678,2304,3301,2359,2201,2200,2840,2140,2271,2207,2306,2169,2269,2191,2270,2170,2294,2293,2172,382,2221,2308,2761,2045,2218,3287,3302,2165,2046,2203,2276,2192,3477,2852,3258,705,2848,3303
45624,8557,464,8572,3702,166,470,462,8569,412,8558,684,8566,4832,8567,463,8562,8556,4823,472,371,8559,8580,383,4843,449,465,687,386,3351,368,3693,8589,442,446,417,471,459
48011,416,2206,2166,3365,2046,2167,2156,2293,7986,2165,3258,2306,2193,2140,2357,3287,2172,2304,2308,2192,2191,2207,2170,2203,2859,2218,2294,2048,2848,2349
48009,2349,3895,2045,2172,3287,2359,2304,2206,2166,2221,3362,416,3301,2167,2428,2308,2489,2191,2294,3258,2367,2218,2047,2848,3302,2888,2852,2293,8023,2388,2140,2192,2851,2207,2849,2203,2276,2270,2046
50487,2271,3301,3365,2047,2269,2270,2848,2388,2492,2349,2849,2308,2193,2140,3487,2761,2172,2359,2423,2852,2191,3258,2170,2856,3486,2306,2357,3303,2294,2428
50478,2275,3302,3379,2849,2270,2469,2856,2761,2269,2357,2045,2349,2221,2170,3402,3362,2191,2367,2428,2046,2218,3287,2172,2048,3487,2308,2359,2193,2304,2489
50490,2275,3302,3379,2849,2270,2469,2856,2761,2269,2357,2045,2349,2221,2170,3402,3362,2191,2367,2428,2046,2218,3287,2172,2048,3487,2308,2359,2193,2304,2489
50507,2293,3258,2852,2275,3302,2045,2849,2357,2469,2856,2761,2423,2221,2170,2492,3362,2191,2367,2428,2046,2218,3287,2172,2048,3487,2308,2359,2193,2304,2489
50520,2275,3302,3379,2849,2270,2469,2856,2761,2269,2357,2045,2349,2221,2170,3402,3362,2191,2367,2428,2046,2218,3287,2172,2048,3487,2308,2359,2193,2304,2489
50526,2275,3302,3379,2849,2270,2469,2856,2761,2269,2357,2045,2349,2221,2170,3487,3362,2191,2367,2428,2046,2218,3287,2172,2048,3486,2308,2359,2193,2304,2489
50541,2270,3302,2761,2849,2489,2492,2856,2271,2428,2306,2045,2304,3486,2221,3379,2275,2140,2349,2359,2046,2170,3287,2276,2048,3365,2294,2308,3402,2283,2367
50506,2275,2276,3379,2849,2270,2469,2856,2761,2269,2046,3258,2045,2172,2283,3402,3362,2294,2048,2428,3287,2304,2193,2293,3302,3487,2367,2047,2170,2357,2489
50528,2489,3302,2271,2849,2367,2423,2856,2269,2359,2293,2045,2283,3365,3487,2761,2270,2193,2304,2308,2046,2221,3287,3402,2048,2388,2218,2294,3362,2172,2349
50549,2275,3302,3379,2047,2270,2469,2848,2761,2269,2357,2849,2349,2221,2170,3402,3362,2191,2367,2428,2852,2218,3287,2172,2856,3487,2308,2359,2193,2304,2489
50508,2046,2276,3379,2849,2388,2761,2856,2048,2275,2428,3258,2423,2172,2283,3402,3362,2294,2492,2270,3287,2304,2193,2293,3302,3487,2367,2489,2170,2357,2469
50532,2469,2047,3402,2849,2492,2269,2856,2275,2489,2304,3258,2294,3487,2276,3379,2388,2170,2308,2357,3287,2172,2045,2140,3302,3365,2293,2306,3486,2218,2359
51562,2851,2367,442,2294,2849,2140,2270,2046,2308,2840,2191,472,412,2423,444,440,2349,368,2469,2218,2271,2221,2172,2269,2304,2276,471,446,2357,2428,3287,2170,2306,2048,3477,383,3301,3258,417,2492,470
37611,3477,2191,476,705,3379,3402,2047,6855,3365,2856,2048,2851,2293,2306,6990,6888,2349,3287,3302,2193,2357,2170,2308,2276,6989,2852,3258,2283,2848,3303
25123,2852,2275,2271,2191,2048,2492,1981,854,2293,2851,2276,3302,7066,2306,2357,2856,3365,2367,2761,2848,2140,2423,2218,2359,2172,7065,2469,2388,2304,2269,2849
42873,230,1129,235,168,189,190,3483,232,174,161,3484,160,3351,3641,324,233,697,169,171,1125,683,1131,3642,1133,323,413,162,1127,362,172
37577,3303,2851,2852,2140,2045,569,476,3477,2191,1979,2048,3402,6990,2359,2283,3362,6888,2294,3379,3258,3301,2193,2304,2170,2293,2276,6989,2849,2856,2357,2840,3302
51963,3477,2191,6990,654,3379,3402,2047,6855,3365,2856,2048,2851,2293,2306,491,6888,2349,3287,3302,2193,2357,2170,2308,2276,476,2852,3258,2283,2848,3303
37633,3477,2191,6855,654,3379,3402,2047,475,3365,2856,2048,2851,2293,2306,6990,476,2349,3287,3302,2193,2357,2170,2308,2276,6989,2852,3258,2283,2848,3303
51563,2294,2761,2428,3287,2283,2469,2848,3402,3303,3258,3302,2269,2367,2851,3477,2349,2388,3362,2221,3486,2489,3365,418,3481,2423,2172,2304,2193,2852,2293,3487
37682,416,6888,2140,2045,569,3543,2191,3301,2048,705,2047,3379,3365,2293,2306,3302,6855,2349,2851,3258,2193,2357,2170,2308,2276,6989,2840,2852,2283,382,3287
49989,472,3402,468,3258,2191,2271,412,446,3302,444,2849,470,471,413,417,386,371,2357,2193,445,456,2276,383,3487,569,2852,2269,3287,2221,2856,464,2761,3486,2349,2275,362
51569,2304,3486,3477,3302,2293,2849,2221,2469,2428,3301,2423,2840,2761,2170,2045,2271,2856,2047,2359,2269,2489,2048,3481,2046,3543,3365,2306,2357,2140,2294,2270
51603,3365,2489,3302,2269,2840,2221,3301,3402,2357,2193,2469,2283,2852,2140,2304,2271,2172,2218,2293,2276,2191,2492,2170,2428,3486,2645,418,2849,3477,2294
51550,2193,2849,2046,2308,416,3302,2283,2270,2388,3481,2852,2428,2271,2848,2276,3379,2851,3487,2170,2856,2357,2367,2489,2172,3543,2140,382,2048,2304,2349,2221,2293,2840
51654,2308,2851,2492,3302,2304,2840,3481,2269,2428,3301,2423,2388,2275,2276,2172,2270,2852,2218,2045,2047,382,2283,3543,2191,2489,3487,2349,2367,2221,2306,2048
37582,6989,2191,3402,705,3379,6855,2047,475,3365,2856,2048,2851,2293,2306,3481,476,2349,3287,3302,2193,2357,2170,2308,2276,3477,2852,3258,2283,2848,3303
50517,2275,3302,3379,2047,2270,2469,2848,2761,2269,2357,2849,2349,2221,2170,3402,3362,2191,2367,2428,2852,2218,3287,2172,2856,3487,2308,2359,2193,2304,2489
45233,2046,3379,4233,4244,4692,3302,4236,2849,4086,3958,4038,3287,3258,4600,4657,2852,3365,4673,2489,2840,4401,4680,4234,4669,4702,3487,2047,2428,4596,2045,2848
37597,3477,2191,6990,705,3379,3402,2047,6855,3365,2856,2048,2851,2293,2306,491,6888,2349,3287,3302,2193,2357,2170,2308,2276,476,2852,3258,2283,2848,3303
46989,2840,3945,2193,2489,2856,2849,2275,2048,4086,2304,3487,2648,3258,4302,3365,2761,3379,2492,2271,2851,2852,2269,2276,2172,3287,2888,2218,2469,3302,8023,2423,2045,2283,2704,2191,2047,2306,2349,2221
46993,2170,2852,2367,2270,3301,3820,2271,2275,2888,3486,3365,2045,3487,3302,8023,3362,2218,2428,2172,2046,3287,3258,722,4086,2193,723,476,2840,4302,2849,2388,382,2306,2359,2761,2469,2859,2221,2357,2293,2704,2047,418,2140,426
52893,2840,2275,2271,2293,2048,2492,3379,3301,2306,2848,2172,3258,3402,2221,2428,2849,3362,2357,2761,2648,2191,2359,2294,2349,2283,3487,2469,2388,2193,2269,2704
52901,2469,3365,2191,2048,2269,2852,2294,3287,2276,2047,2221,2848,2840,2308,2359,3301,3362,2423,2645,2704,2140,2428,2283,2367,2172,3487,2271,2761,2306,2270,3258
54050,2489,2492,2761,2169,2203,2221,2293,2270,2200,2367,654,382,416,2357,2349,2212,2215,2423,2275,2046,2359,2283,2294,3895,2047,2165,2045,2166,2648,2170,2218,2209,2276,2304
54060,2304,2200,382,2201,2283,2293,2207,2308,2218,2193,654,2048,2212,2215,3543,2423,2492,2276,2170,3895,2349,2165,2489,2166,426,2047,2221,2209,2045,2172
54089,2306,2367,2359,2203,2166,2423,2271,2645,3895,2308,2167,2191,2761,2045,2048,2489,2270,416,2140,2283,2294,2153,2193,2206,382,2201,2388,2357,2218,2209,2428,2304
54128,2140,2271,2156,2203,2047,2492,2165,2306,654,2201,2207,2367,2359,382,2428,2308,2469,2221,2283,2294,3895,2276,2166,2193,2153,2761,2170,2218,2209,2048,2304
54202,2848,2423,2357,2191,4600,4235,2047,2856,4673,2428,4653,2849,2840,2852,2294,2367,2359,2304,4686,2826,2489,3301,940,2308,2172,2218,4657,941,4603,2827,4596,3487,2221,2170,4692,2048,2283
52899,3258,2428,2423,2191,2048,2349,3379,2852,2469,3287,2276,2848,3487,2388,2283,3301,3362,2294,2492,2648,2140,2304,2269,2293,2172,3486,2367,2489,2275,2357,2704
54278,2848,2423,2357,2191,4653,4235,2047,2856,4673,2428,4601,2849,2840,2852,2294,2367,2359,2304,4681,2826,2489,3301,940,2308,2172,2218,4596,941,4657,2827,4603,3487,2221,2170,4680,2048,2283
54668,383,445,8135,2423,2852,3644,989,7903,2270,386,2140,6642,4822,413,368,444,5616,2275,3258,417,518,3301,371,983,4823,2170,3302,2428,3287,2191,8156,3648,3642,2271,3645,362
54670,371,5616,4823,3303,2852,3645,8135,5458,2140,368,3258,444,8162,2191,2469,383,7787,2275,5618,412,3287,2388,2423,2271,3302,8156,3641,5617,2172,3647,413
54666,371,6294,3645,3303,445,3642,444,5860,7790,449,472,7899,5458,2269,7753,7903,2270,7755,5859,4024,4693,5617,6295,4823,7373,2469,7789,3287,3258,2852,3647,7738,3302,509,2140,2170,8156,6315,2428,3648,383,5652,7905,2388,8135,2271,2191,3641,2423
54662,7373,383,514,3301,2852,5617,472,7787,2269,3643,2423,518,4693,444,7335,7329,445,2140,2191,3641,7738,3645,440,368,386,2428,3647,3302,3644,3287,8155,413,371,2469,362,417
54656,386,3645,3301,5488,3642,440,5617,5860,8162,5459,5618,7329,2270,4693,7786,2469,6315,5616,472,7789,412,5458,4823,2271,5859,5652,2047,2852,3647,6316,2048,3287,7903,2423,2428,7899,7790,2269,3648,383,6225,7905,2761,6371,2275,2046,3641,3302
54705,5617,2423,2852,7787,3287,2140,2849,6225,4693,2856,7899,6296,3303,5488,7373,7903,4015,6295,7329,2170,4024,2428,5917,2191,8156,371,6294,3302,470,7335
54718,5859,7335,7329,2423,2852,6225,8135,7755,3287,5860,2140,7738,8162,3303,5488,5616,7789,468,6315,7903,2170,470,2428,5917,2191,8156,6296,7373,3302,6294,7905
54720,7753,6295,6294,2191,3258,471,8156,7899,5458,7755,382,6315,5860,5917,5616,4693,8135,5618,7787,7329,7373,2140,5652,2423,5617,2172,5859,6225,6296,5488,371,7738
54727,4693,7786,8135,3303,2852,471,6294,6315,2172,7738,3258,7787,7789,7335,7329,2428,5488,7753,7903,4015,7373,6225,6295,3287,4024,2140,5917,3302,8156,5616,5652,2423,371,6296
54745,3301,7329,8135,471,2423,2852,5917,7755,6315,3287,7335,2140,7787,6296,3303,362,7373,7903,413,7738,368,6294,2170,5458,2428,412,2191,8156,468,371,3302,5616,6295
53358,2848,2423,2357,2172,4680,4236,2046,2856,4657,2428,4601,2849,2840,2852,2293,2308,2367,2359,2294,4686,936,2489,3301,940,2306,2170,2191,4596,941,4681,939,4603,3487,2193,2140,4673,2047,2218
54841,7899,3287,8135,2849,7787,7789,2856,7905,7786,7335,2140,7329,3303,5616,8162,5859,5618,7738,7755,2170,5652,2428,5617,2191,8156,5459,7373,3302,6296,6315
54895,3642,2170,7329,413,6296,6316,509,8162,6295,7786,3644,440,7738,3645,5859,514,6294,5860,383,5616,371,3647,4693,7755,3303,2852,4015,2423,2140,7790,3258,7903,5917,3287,7789,518,2191,4024,444,5458,3643,983,3302,412,2172
54731,4693,7786,8135,3301,2848,4015,6294,6315,2140,7755,2851,7787,7789,7738,7373,2191,5488,5859,7903,5616,7753,6225,6295,2856,5617,3302,5917,3287,8156,470,368,2172,4024,6296
52775,2848,2423,2357,2191,4653,4235,2047,2856,4673,2428,4601,2849,2840,2852,2294,2367,2359,2304,4686,936,2489,3301,940,2308,2172,2218,4596,941,4657,939,4603,3487,2221,2170,4681,2048,2283
54898,7790,8135,6294,444,4693,386,5488,6225,3643,6296,440,413,2170,514,472,383,2423,4823,7903,5860,509,4832,5917,5617,2859,7899,7786,7787,2888,8155,3303,989,5618,7753,2852,2218,5652,2140,4822,3258,3287,4845,7755,2191,2283,5458,3641,7789,362,7905,416,3302,368,2172
52393,2423,2283,2848,4653,4235,2193,2304,2856,4681,2428,4601,2849,2852,2306,2367,2359,2308,4692,940,2489,3301,2045,2357,2218,2293,4596,2046,4657,941,4603,3487,2140,2191,4673,2221,2294
52987,2294,2423,2308,2489,2856,2218,2761,2270,2852,4596,4236,2276,3302,4669,2851,4702,3258,2269,3287,2349,8023,2388,2275,2357,4681,2045,2848,2140,2047,2367,2840,2293,2304,4653,2048,4600,2046,4601,2172,4680
52778,2856,2840,2357,2191,4653,4235,2047,2492,4673,2848,4601,2423,2851,2428,2294,2367,2359,2304,4686,936,2849,3301,940,2308,2172,2218,4596,941,4657,939,4603,3487,2221,2170,4681,2048,2283
53056,2349,2848,3303,4653,4234,2489,2191,2856,4673,2357,4601,2849,2852,2840,2306,2304,4686,2045,2359,3301,2047,2308,2172,2218,4596,2048,4657,2046,4603,3487,2221,2170,4681,2492,2283
55674,7905,2851,2191,4015,3287,2840,2172,7753,5618,2428,7329,6294,3303,5488,5859,7335,4693,6225,6295,2848,7899,2856,5917,2852,8156,7790,7755,3302,7787,6296
53065,4692,2367,2218,2423,2045,3301,2270,2761,3303,2283,2851,2492,2489,4653,4234,2140,4657,4673,2856,4702,3362,2388,4596,2357,7986,2852,2849,2359,4686,2046,3258,2170,2048,8023,2848,2294,2306,2193,2047,4603,2191,4681
52403,2848,2423,2357,2306,4236,4600,2047,2856,4669,2428,4702,2849,2840,2852,2276,2191,2367,2359,2140,4681,936,2489,3301,940,2172,2304,2308,4233,941,4653,939,4235,3487,2218,2294,4680,2048,2193
53331,2423,2283,2852,4596,4657,2193,2304,3287,4669,2428,4235,2851,2856,2306,2367,2359,2308,4681,939,2840,3303,2045,2357,2218,2293,4236,2046,4600,940,4601,2492,2140,2191,4680,2221,2294
53304,2848,2306,2293,2193,4653,4235,2047,2856,4673,2308,4601,2849,2840,2852,2170,2304,2294,2172,4686,936,2423,3301,940,2218,2367,2221,4596,941,4657,939,4603,3487,2492,2359,4681,2048,2276
54854,3301,7755,4693,8135,2851,2191,5618,7329,7790,3287,6316,2840,7786,7787,7753,3303,2047,5860,7903,4015,5859,5459,7335,2848,4024,2856,2048,2852,8156,6294,5458,3302,5652,7373
52671,4686,3258,2349,2852,4600,4233,2193,2283,3486,4657,3303,4236,2357,2359,2308,4702,2045,3301,2848,2047,3287,2218,2293,4578,2048,4603,2046,4596,2856,2140,2191,4692,2221,2294
52617,2856,2840,2357,2191,4653,4235,2047,3302,4673,2848,4601,3258,2851,3287,2294,2367,2359,2304,4686,936,2849,3487,940,2308,2172,2218,4596,941,4657,939,4603,2492,2221,2170,4681,2048,2283
54169,2218,2388,2167,2206,2172,2270,3895,2359,2156,2203,2295,2492,2489,2045,2048,2367,2275,2221,2306,2349,2166,2276,2153,2193,2165,2645,2283,2304,416,2191,2357
53005,2423,2218,2848,4601,4235,2048,2294,2856,4603,2428,4657,2849,2308,2852,2304,2367,2359,2306,4686,2826,2489,3301,941,2349,2191,2283,4669,2045,4596,940,4578,3486,2276,2172,4681,2193,2293
52897,2840,2275,2271,2191,2048,2492,3379,3301,2293,2848,2276,3258,2704,2306,2357,2849,3362,2367,2761,3487,2140,2423,2218,2359,2172,2648,2469,2388,2304,2269,3402
53094,2423,2848,3303,4702,4235,2276,2294,2856,4669,2428,4601,2849,2852,2840,2359,2357,4681,2045,2489,3301,2047,2367,2293,2304,4596,2048,4653,2046,4603,3487,2172,2283,4680,2140,2306
54685,4822,386,371,449,4832,6225,383,4015,472,7335,3642,3303,514,6296,4823,3287,7787,6371,8156,509,7789,6294,5859,2469,6317,7755,4693,2271,4824,3258,4845,5860,440,2191,3644,7329,3302,7903,2849,2852,7899,5488,2270,3645,412,4024,6315,3643,7786,2388,2856,3648,2269,8162
54688,7903,5860,983,449,4832,371,5859,362,6294,5459,3647,2423,5488,386,4823,3287,6315,7755,8156,440,6316,368,444,2270,7753,4822,4824,2469,7905,3258,4845,445,7335,2852,3648,5458,3302,7787,2140,2170,7786,7373,2269,3643,5618,412,4825,3644,4693,2275,2191,3642,2428,8162
54902,386,5616,3647,3301,417,412,6296,7790,7787,4827,6295,7899,472,983,4693,518,989,509,7789,5917,8155,4832,5618,413,7335,3643,7786,2428,2423,2852,3648,7373,3287,5859,2140,2170,7905,514,3303,4015,5458,4845,7903,3644,8135,3641,2191,362,3302
54912,6295,3647,3301,7753,368,7738,5618,5616,4024,440,5652,7755,983,6316,7789,989,5859,5617,6296,7787,5458,7373,383,3643,7905,7903,2172,2852,362,7786,2191,3287,8162,2423,2428,5860,7899,3303,412,6225,5488,8135,3644,4823,3641,2170,371,3302
56528,7899,3287,8135,2849,7787,7789,2856,7905,7786,7373,2140,7335,3303,5616,8162,5859,5618,7753,6315,2170,5652,2428,5617,2191,8156,7329,7738,3302,6296,6316
50417,5618,7373,5488,389,5616,6295,607,3393,431,4024,427,6225,3397,6315,459,3394,7335,463,5150,5157,432,316,5917,462,5459,8155,5652,5149,569,5617,5160
51525,433,442,472,5616,459,7335,5160,371,5652,362,5458,468,470,5860,5859,6315,6371,412,386,6294,569,5157,8135,5459,6295,5617,6225,5917,445,5145,5153,607,7373,8155
55894,7329,7905,2851,2191,6295,5860,3287,6317,2840,2172,2428,7790,7789,3303,5616,4693,7903,5618,7753,6315,2848,5652,2856,5617,2852,8156,7335,7738,3302,6296,6316
55693,6294,2851,2191,7899,3287,2840,2172,7373,7790,2428,7905,7755,3303,5616,4693,8135,5618,7753,6315,2848,5652,2856,5617,2852,5859,7329,7738,3302,6296,6316
54855,5458,5860,2851,2191,6295,7899,3287,6316,2840,2172,2428,7790,7789,3303,5618,4693,5859,4015,7738,7755,2848,4024,2856,5652,2852,8156,5459,7373,3302,6296,6315
47001,2489,2269,2648,2469,3302,7986,2852,2388,3287,2048,4086,2349,3379,2276,3301,4302,3303,2275,3362,2704,476,2849,2848,3819,2172,2283,2856,2357,2294,475,2851,2428,2492,2045,2304,2193,2293,2047,2367,2170
55788,8162,7903,7787,518,4024,8155,7899,983,7373,7755,989,7738,6315,6225,7753,5459,6296,386,3643,514,509,2423,2852,412,2428,3287,8135,2140,8156,7789,2170,444,5618,7905,7790,3303,413,5617,5917,3645,3641,2191,368,3302
52622,2423,2852,3303,4653,4235,2276,2294,2492,4673,2428,4601,2851,2856,2849,2359,2357,4686,2045,2840,3301,2047,2367,2293,2304,4596,2048,4657,2046,4603,3487,2172,2283,4681,2140,2306
56677,389,413,5141,509,4823,4785,445,5143,5153,4845,4874,371,5149,412,427,4766,4876,5119,440,4881,518,697,368,417,4832,446,386,2859,267,514,578,449,362
45221,3402,2308,2294,3302,2048,3945,2848,2271,2193,2349,4086,2269,2367,2270,3362,2283,2306,2304,3365,2140,2191,2357,2761,2428,2218,3301,3303,2045,2489,382,2423,2047,722,2851,3287,2276,2849,3486
54459,2840,942,2170,2856,8023,2270,3365,2359,3301,2388,2275,2045,569,2304,2046,2048,3302,99,3379,2849,3486,412,2271,3362,3258,2269,2276,2172,3303,2306,2218,2469,3287,2423,2489,98,2283,2191,97,2349,2221
56792,7335,440,8135,3644,2271,444,383,509,3648,7373,3287,983,989,7786,7329,413,7787,5617,6225,362,7899,6295,7790,368,386,3643,6296,3645,6294,3642,8156,7753,371,5616,445,5859
53353,2840,2856,2428,4653,4600,2221,2293,3302,4673,2848,4233,3258,3287,2308,2367,2851,2349,4686,939,2849,3487,2046,2359,2283,2294,4234,2047,4657,2045,4236,2492,2170,2218,4681,2276,2304
56514,386,417,3642,3301,7373,4823,7335,5616,7903,4827,7329,5617,4693,983,7786,5618,989,7787,7905,5488,7789,4845,472,4832,7753,362,7899,2856,2851,2191,3644,7755,3287,8135,2840,2848,5860,7790,3303,3645,6294,5459,5652,3643,8162,412,2852,3648,3302
55072,444,3647,3301,4693,368,7755,7905,7899,4825,7753,5616,4823,983,514,7787,989,5617,7903,445,7786,5458,7373,383,3643,6316,6315,2851,2191,362,518,2856,3287,8135,2840,2848,5618,7790,3303,412,417,5488,5652,3644,8155,3641,2852,371,3302
54908,7903,383,514,4823,6295,6316,983,7753,7787,989,7755,518,7786,472,5459,3643,509,7790,3287,2191,371,3301,3303,8162,2840,5617,7905,2848,6225,7329,8156,8135,6294,6317,3647,368,6296,445,362,3641,3258,386,3645
53274,2840,2848,3303,4673,4236,2221,2293,2856,4686,2428,4596,2849,2852,2367,2359,940,939,2489,3301,2046,2423,2283,2294,4653,2047,4680,2045,4669,3487,2170,2218,4702,2276,2304
54729,5860,7753,7738,2423,2191,6225,8135,7787,3287,4693,2849,7905,8162,3303,5616,6315,4015,5618,7329,7373,2852,5652,2428,5617,2856,8156,6296,7755,3302,6294,5859
56101,2849,2271,2469,2172,2047,2489,3487,3303,2283,2852,2221,3301,3543,2304,2349,2851,3379,2359,2859,2388,2840,2276,2367,2191,2357,2170,362,2270,2275,2294,2492,2848
25323,8990,4833,4822,683,3702,4843,8570,8574,440,2859,700,468,8581,3693,8571,413,8579,8558,8681,4824,449,8569,8568,4825,368,417,8575,470,444,446,8572,4858,4827,454,445,459,472,3351,4823,371
56770,2848,3258,3379,2193,941,2357,2492,3303,2140,2849,2045,3287,3301,2271,2840,2856,2275,2191,2293,2852,3362,2304,2761,2489,2269,2046,2306,2221,2294,2048,3477,8023,2428,2172,2359,2270
57303,3362,2469,3481,2046,1981,2306,2851,2761,2193,3365,939,2271,2275,2270,3303,3302,2140,2191,3379,3402,2283,418,2852,2856,940,2293,2047,2218,2045,426,2428,2849,2276,2308,3258
57292,2270,2469,3481,2047,1981,2308,2856,2761,2221,3365,939,2271,2275,418,3303,2170,2218,3379,3402,2293,3362,2851,3258,940,2294,2048,2283,2046,3543,2840,2852,2140,2423,3287
57329,2489,2852,2840,2304,2270,1981,2140,3301,2275,2851,939,2492,2428,3258,2357,2849,2848,2359,382,2046,2856,3362,2048,8023,2294,2306,940,2193,2469,2047,2269,3487,2191,2293,2761,2170,2308
57784,2851,2492,2423,2304,416,1981,2140,3301,2469,2840,939,2856,2852,3258,2357,2489,2428,2359,2388,2046,2848,3362,2048,8023,2294,2306,940,2193,2269,2047,382,3487,2191,2293,2275,2170,2308
57301,2269,2388,3481,2046,1981,2306,2851,3379,2193,2270,939,2761,3362,2275,3303,3302,2140,2191,2469,3402,2283,418,2852,2856,940,2293,2047,2218,2045,3543,2428,2849,2276,2308,3258
57989,362,433,3402,2851,2046,2193,383,444,723,412,2840,386,417,3351,3301,3362,368,2662,3379,413,3477,3693,2848,418,2856,3365,2852,468,426,4945,3287,2221,3702
58297,2856,1125,3303,2140,2048,2423,2275,1131,2191,449,418,1126,1133,423,2852,2849,2293,2306,316,3301,2349,2851,2271,2388,2193,2357,2170,2308,2276,805,2492,2469,2283,2428,2761
57298,2275,2388,3481,2047,1981,2308,2840,3379,2221,2270,939,2761,3362,418,2856,2170,2218,2469,3487,2293,2269,3303,2848,940,2294,2048,2283,2046,3543,3258,3302,2140,2423,2849
57295,2269,2388,3481,2046,1981,2306,2851,3379,2193,2270,939,2761,3362,2275,3303,3302,2140,2191,2469,3487,2283,418,2852,2856,940,2293,2047,2218,2045,3543,2428,2849,2276,2308,3258
58037,3301,383,454,3402,382,2852,2276,445,468,3287,386,2045,433,368,3303,3362,417,440,3379,472,362,413,2046,418,416,3365,2048,3477,3486,569,3302,426,371
60599,2761,2852,722,2423,2469,2048,2308,3301,3362,2388,2851,2221,3303,2849,2170,2218,2856,3486,2293,3258,2489,2840,2276,2294,2271,2283,2270,4945,2359,2428,2140,2349,2848
60426,3303,2293,4945,2047,3287,3301,2221,722,3258,2275,2276,2271,2306,2357,3487,723,2367,2840,2849,2140,2423,2218,2359,2172,3486,2469,2388,2304,2269,2852
60407,2293,2852,3402,2271,2191,2048,2489,3301,3362,2283,2851,2276,3303,2849,2304,2349,2856,3486,2359,3258,2388,2840,2140,2367,382,2357,2172,722,2270,2275,2294,2492,2848
60404,2293,2852,3402,2271,2170,2048,2489,3301,3362,2218,2851,2193,3303,2849,2304,2349,2856,3486,2359,3258,2388,2840,2221,2367,2172,2357,2140,722,2270,2275,2294,2492,2848
61560,2852,2275,2271,2191,2048,2492,3487,418,2293,2851,2276,3302,4945,2306,2357,2856,3379,2367,2761,2848,2140,2423,2218,2359,2172,723,2469,2388,2304,2269,2849
61223,2852,2275,2271,2191,2048,2492,3487,723,2293,2851,2276,3303,3379,2306,2357,2856,3402,2367,3287,2761,2848,2140,2423,2218,2359,2172,3365,2469,2388,2304,2269,2849
62514,3362,6642,2704,2276,2048,2852,3477,389,2293,3365,2489,3481,426,3303,2306,2357,3402,431,2367,3379,723,3287,2492,2840,2218,2359,2221,607,2645,722,2304,2851,3301
62509,2294,3365,3481,6642,2492,2048,2848,3258,389,2293,3477,2276,426,3543,3362,2306,2357,418,431,2367,3379,2704,3287,2423,722,2218,2359,2489,597,2851,2648,2304,2849,3301
62523,3302,2645,723,2276,2367,2852,6642,389,2489,3303,2047,3477,607,2283,2304,418,431,2308,3362,2704,3287,2048,2840,2423,2306,2221,597,722,2648,2218,2851,3301
62546,3402,412,6642,2294,2048,2848,3258,389,2308,3477,2276,413,371,3303,418,362,3362,2359,2428,3481,431,2492,3379,2704,3287,2218,722,2304,2489,2293,597,2851,2648,2357,2849,3301
62576,3481,3543,6642,2294,2048,2848,3258,389,2308,3402,2276,426,475,3365,3362,2359,2428,418,431,2492,3379,2704,3287,2218,722,2304,2489,2293,597,2851,2648,2357,2849,3301
62547,2294,3303,431,2645,2276,2048,2852,3402,3543,2293,3362,2489,3481,3302,2306,2357,3365,578,2367,3379,2704,3287,2492,2840,2218,2359,2221,6642,722,2648,2304,2851,3301
62525,3402,3543,6642,2294,2048,2856,3258,389,2308,418,2276,475,476,426,3365,3362,2359,2428,3477,431,2848,3379,723,3287,2218,2849,2304,2840,2293,597,2645,722,2357,2489,3301
62563,2357,2852,2048,389,722,2276,2047,2492,3365,2221,427,2648,2218,2294,3301,431,2306,2645,3258,2840,2308,2851,2304,2849,597,2428,418,2704,2367,3287
62564,389,2308,6642,2047,3365,3379,2221,427,3362,3287,2276,3258,2849,2489,607,431,2357,3302,722,2218,2359,2304,2492,2293,597,2704,3301,2848,2645,723
62573,426,3543,6642,2294,2048,2848,3258,389,2308,3402,2276,475,476,3365,3362,2359,2428,3477,431,2492,3379,2704,3287,2218,722,2304,2489,2293,597,2851,2648,2357,2849,3301
62548,3258,3287,6642,2848,2048,2308,3362,389,2856,3481,2193,3301,3302,426,3543,2648,2218,3402,431,2293,3477,491,3365,2221,2294,2849,2283,2840,597,2359,476,2645,2349,3379
62540,418,3543,6642,2294,2048,2852,3258,389,2308,3402,2276,475,476,426,3365,3362,2359,2492,3477,431,2428,3379,723,3287,2218,2840,2304,2423,2293,597,2645,722,2357,2851,3301
62501,3303,2648,2645,2283,2046,723,6642,389,2304,3362,2193,3477,607,2349,2367,3365,431,2428,3258,3301,2221,2489,2293,2423,2218,597,2849,2704,2308,2840,3302
65787,2357,5147,2191,2048,2492,3303,2849,3362,2276,2047,2221,3301,3287,2856,2469,3365,3481,2275,3819,3486,2140,2388,2840,2271,2172,3543,2359,2428,2851,2349,3487
66133,3820,3481,2856,2048,2271,2840,3365,3301,2276,2489,2761,3379,3258,3819,2172,2283,3362,3402,2294,3486,2357,2367,2045,2304,2193,2293,2047,3543,2852,2349,2170,2848,2423
66142,2170,2489,3819,2269,2193,2048,2357,3365,3301,2140,2492,2849,3258,2761,2191,2293,3486,3402,2304,3487,2469,2275,2852,2306,2221,2294,2856,3477,2423,2270,2172,2359,2388
66128,3486,3258,5159,2191,2048,2270,2849,3303,2293,3487,2276,3287,3301,3379,2489,3820,2306,2357,3362,3481,2367,2492,2848,2852,2140,2423,2218,2359,2172,3543,2275,2840,2304,2469,2851
66122,3301,2270,5159,2193,2048,2308,2275,3486,2140,3302,2849,5162,3819,2388,3287,3258,2761,2191,2218,3303,3365,2293,2492,2269,2469,2852,2294,2221,2283,2856,3543,2359,2428,2172,2349,2271
64419,102,92,91,417,413,2661,210,177,445,103,383,109,213,427,433,104,208,440,106,98,97,386,449,472,442,2888,212,90,99,578,2662,101
66156,3362,3301,3543,2191,2048,2357,2271,3477,2849,3365,2276,3302,3303,3287,3486,2492,2856,2293,3379,5159,2304,3487,2469,2275,2140,2306,2840,2294,2172,3820,2423,2270,2851,2359,2388
64428,102,210,90,371,362,465,107,177,386,103,417,108,109,101,440,454,106,208,459,104,92,98,472,462,368,456,445,212,2662,91,442,143,100
67361,3287,3365,6855,2170,2046,2428,2388,3487,2218,3301,2193,3379,426,2849,3258,3362,2852,2294,2308,3302,3702,2357,2856,2275,2761,2221,2359,2172,2349,2140,412,2269,2271,2293,2489,2840
69048,2851,2856,3365,2221,382,2359,2269,3302,2170,2848,2046,3258,3287,2761,2388,2218,2294,2849,3487,2306,2840,2492,2270,2047,2308,2276,2304,2193,3402,7986,2489,2191,2367,2469
69320,3258,3945,2367,2852,2048,3487,2888,4086,2140,3287,2276,3379,3423,2191,2293,3301,3543,2304,3303,2423,2489,2840,2306,2851,2294,2849,3422,2359,3958,2172,2349,2492
69346,2294,3302,2888,2849,2191,2048,2492,3402,4038,2293,3303,2276,3958,3301,2306,2357,3362,3481,2367,3365,2851,3258,2140,2423,2218,2359,2172,3422,2840,2852,2304,3486,3287
69369,3301,2849,2848,2276,2367,2492,2888,4086,2172,3302,2047,3379,3423,2283,2304,3303,3543,2308,3958,2851,3258,2048,2423,2140,2306,2221,3422,2840,2852,2218,3486,3287
69378,3258,2840,3958,2191,2048,2367,2888,4086,2489,3287,2276,3379,3423,2283,2304,3301,3543,2308,3303,2849,2851,2140,2349,2423,2306,2172,3422,3945,2848,2218,3486,2856
69338,3362,4038,2888,2191,2048,2492,2856,418,2293,3365,2276,4945,382,4086,3302,3301,2306,2357,3379,475,2367,3303,2851,3945,2140,2423,2218,2359,2172,3422,2840,2852,2304,3486,3958
69415,2294,2851,4945,2275,2191,2048,2492,3302,3379,2293,2856,2276,3362,2852,2306,2357,3258,3402,2367,3287,2761,2848,2140,2423,2218,2359,2172,3481,2469,2388,2304,2269,2849
69447,3301,2849,2848,2191,2048,2492,2888,4086,2293,3302,2276,3945,3423,2306,2357,3303,3543,2367,3365,2851,3258,2140,2423,2218,2359,2172,3422,2840,2852,2304,3486,3287
69476,2294,3486,2888,2852,2191,2048,3302,3402,4038,2293,3487,2276,3958,2492,2306,2357,3362,3543,2367,3365,2856,2428,2140,3258,2218,2359,2172,3422,2848,2851,2304,3303,2489
69524,3258,2840,3958,2191,2048,2492,2888,4086,2293,3287,2276,3379,3423,2306,2357,3301,3543,2367,3303,2849,2851,2140,2423,2218,2359,2172,3422,3945,2848,2304,3486,2856
65799,2172,2492,5147,2271,2221,2048,2359,3379,3302,2170,3486,2849,3287,2489,2218,2294,3487,3477,2306,3362,2388,2423,2851,2308,2276,2304,2193,5162,2270,2275,2191,2367,2428
65776,2852,3379,2191,2048,2848,3820,2293,2761,2276,2047,2221,3487,3486,2306,2357,4945,3365,2367,2469,2275,2140,2423,2218,2359,2172,3303,2851,2270,2304,2849,2388
65798,2852,3302,2191,2048,2848,3379,2293,2761,2276,2047,2221,3362,3487,2306,2357,2489,3301,2367,2469,2275,2140,2423,2218,2359,2172,3477,2851,2270,2304,2849,2388
70974,3302,417,2840,362,2826,2270,3486,3351,940,3303,2169,3487,3693,3301,2679,2682,416,383,2349,418,2849,2851,2165,2423,412,2683,569,444,2275,2848,2678,2469,3258
68110,2276,3302,3486,2849,2047,941,2308,2469,2761,2221,3303,2679,2275,3301,2170,2218,418,3379,2293,2269,2851,3258,2680,2294,2048,2283,2046,426,2840,2852,2140,2423,3287
69039,2046,2489,2852,3365,2761,879,2283,2359,3287,2045,2849,2469,2851,2856,2428,2048,2276,2840,3303,2170,2492,2357,2367,2271,2172,382,2140,2388,3486,2304,2349,2047,2293,8023
68130,3365,2469,3481,2045,2677,2304,2852,2761,2048,3379,2680,2271,2275,3287,3362,2270,3301,2276,2172,418,3402,2218,3303,2849,2851,2681,2283,2046,2191,2683,3543,2423,2848,2221,2306,2856
71983,3352,417,362,3429,445,371,3351,454,514,413,3394,462,470,442,465,3395,449,459,463,368,3347,472,446,386,3483,3357,456,468,3355,464
76448,941,3542,3600,3293,2827,4492,3541,2295,3372,3375,4653,3373,3294,4472,3374,4193,3252,3958,4657,3273,3272,2167,2203,4681,2200,2212,4491,2156,940,3539,2166,2402,2417,4489,3540,2215,2661,2416,4302,4600,4601,2165,2663,2214
76568,3599,2416,3272,4472,174,2417,4600,2399,4302,4673,2209,3252,2415,173,3372,4492,3598,3542,3371,940,3600,2214,4479,3260,2215,160,4491,3945,2167,4596,3293,3373,2203,169,3294,162,939,2156,2166,936,3374,2213,170,2662,4603,4489,2295,941,4653,2165,172,2212
75568,4491,2402,3272,3252,174,2404,4600,2415,4244,4673,2169,4472,2401,173,3372,3600,4489,2827,3371,3539,4492,160,3260,4479,161,2207,3599,3958,2206,4596,3293,3373,2212,169,3294,2166,3542,2215,2192,3541,3374,2167,170,2662,4603,3598,4657,3540,2295,2203,172,2165
76702,454,446,2399,174,161,433,232,2415,192,456,170,2401,2402,233,607,597,234,383,472,459,464,445,449,440,230,171,468,189,444,173,3483,578,432,368,442,231
75741,940,2416,4467,3293,174,2417,4600,4193,2402,4657,2209,3376,2415,173,3260,3600,4492,2827,3252,3539,941,2214,3294,3272,2215,160,3599,3945,2167,4596,4479,3371,2203,169,3241,162,3542,2156,2166,3541,3372,2213,170,2662,4603,3598,4673,3540,2295,2165,172,2212
76436,3372,4489,4692,2663,2401,172,2209,4479,4601,4472,4492,3598,2827,4467,3539,3241,2214,3375,3272,2215,160,3599,4193,2167,4603,2399,4596,3252,2200,3294,3373,2203,173,3260,162,941,2156,2166,3541,3374,2213,174,2661,4680,3600,170,3542,2295,2165,4657,2212
68473,442,2428,2172,2849,468,3379,3287,2269,3486,2191,2388,2856,2851,383,940,2221,386,472,2761,412,3487,418,413,2308,2848,2275,2271,2423,433,470,3362,2276,2046,2840,2469,2283,2294,2047,2045,368,2170,445
68472,2848,3258,3379,2275,941,2283,2359,3303,2045,2849,2269,3287,3301,2423,2840,2856,2428,2048,2276,2852,3362,2170,2492,2357,2367,2270,2172,2388,2140,2271,3477,2304,2349,2047,2293,8023
75654,3599,2416,3371,2402,4596,2417,169,4193,3252,4673,2165,4302,2415,4601,3376,936,3598,3542,3375,939,3600,161,2404,2399,162,2156,941,3945,2207,4603,3373,3272,2214,4686,3374,2169,4489,2192,2201,2827,3273,160,4680,2662,170,940,4657,2826,2295,2206,4692,2167
75806,936,2416,3272,3375,4673,2417,4600,2399,4302,172,2209,3372,2415,4669,4472,3600,4492,941,4467,3539,939,2214,3376,3373,2215,160,3599,3945,2167,4596,3293,4479,2203,173,3294,162,3542,2156,2166,3541,3241,2213,174,2662,4603,3598,170,3540,2295,2165,4657,2212
70734,2469,362,416,2367,2840,2275,2492,442,383,2191,3303,382,2848,472,3287,2270,3301,8023,2489,2761,2388,7986,2046,2193,2849,3379,2276,2428,2851,2308,2357,444,2140,940,2221,433,2218,2293,2045
76445,3294,941,4193,2415,174,3539,4600,3540,4472,4657,2207,2401,940,173,939,3372,3293,2827,936,3373,4489,2213,2416,2402,2214,2201,3371,3599,2192,4596,3252,3945,162,169,3260,2206,3376,2166,2169,3375,3958,2212,170,2662,4603,2417,4673,3374,2295,2167,172,2209
76545,940,4302,3241,3375,4673,4193,4600,2399,2416,172,2209,3372,4244,4669,4479,3541,4492,2827,4472,3542,941,2214,3376,3373,2215,160,3540,3945,2207,4596,3260,3272,2169,173,4467,162,3600,2192,2201,3599,3273,2213,174,2662,4603,3539,170,3598,2295,2206,4657,2212
77251,172,2167,3260,3945,4467,3539,3294,2827,2417,3540,2213,3373,3376,2214,3374,3598,2416,3375,2661,4472,3958,2215,3293,3273,2156,161,173,2166,2165,4489,2201,4492,4302,2203,3542,3599,2212,174,2402,2663,940,170,2295,2207,4657,2209
77759,2489,2191,2048,3302,2293,2276,2047,2275,3287,2221,3362,2840,2306,2357,2852,3365,2367,2761,2848,2140,2423,2218,2359,2172,3543,2469,2388,2304,2269,2849
57289,2428,3477,2140,2045,2308,3379,2191,2469,2048,939,2047,3362,2761,3301,2218,2271,3487,2293,2851,2269,2193,2294,2170,2283,2276,3543,2840,2852,3287,2423,2270
57336,2492,3379,2469,2276,416,2367,2851,3301,2172,2840,2047,2856,3258,2489,2283,2304,2852,3362,2308,2848,2275,2761,2048,2349,2140,2306,2221,3487,2269,2271,2218,8023,2423
68482,2270,3287,3258,2140,2045,2849,3481,3379,2191,2469,2048,3362,426,2293,2306,2271,3402,2423,3302,418,2193,2428,2170,2308,2276,3543,2856,3301,2283,2852,2269
69023,2761,3379,2489,2276,416,2367,2851,3301,2172,2840,2047,2856,3258,2388,2283,2304,2852,3362,2308,2848,2269,2469,2048,2349,2140,2306,2221,3487,2423,2492,2218,8023,2271
69090,2856,3258,3487,2276,416,2367,2270,3303,2172,2849,2047,3287,3301,2840,2761,2283,2304,2852,3379,2308,2848,2269,2469,2048,2349,2140,2306,2221,3477,2423,2492,2218,8023,2271
77322,2193,2269,2306,2271,2221,3365,2848,3258,3486,2308,8023,2761,2388,472,412,2283,444,2045,7986,368,3487,2856,383,2489,2469,3303,3302,2492,2048,2276,3402,2293,2170,2270,3301,2357,2367,2172,2140,417,2304,2047
70332,2191,2388,3365,2489,2276,416,2367,2852,3287,2172,2761,2047,2856,2275,2283,2304,2840,3303,2308,2848,2269,2469,2048,2349,2140,2306,2221,3487,2423,2492,2218,8023,2271
57462,3365,3287,3258,2140,2045,2849,3481,2761,2191,3379,2048,2275,426,2293,2306,2269,3402,2423,3302,418,2193,2428,2170,2308,2276,3543,2856,3301,2283,2852,3362
75593,2663,4467,172,2169,2399,4653,3260,4489,2416,4193,3252,4491,2401,160,3541,2827,161,3542,2417,4086,3375,4596,4479,4657,4302,162,2415,2200,2215,2203,173,3539,2166,3372,2209,2212,3371,2826,2167,174,3598,4603,4492,170,3374,2295,2214,4673,2165
57327,2849,2170,2046,3365,2218,2193,2045,3301,2761,2048,3486,418,2294,2308,2469,3487,2428,3303,2269,2221,2840,2172,2423,2140,3481,3258,3302,2293,2851,2270
70745,2275,2489,2428,2276,416,2367,3303,2856,2172,2388,2047,2852,3402,2283,2304,2761,3301,2308,2269,2469,2048,2349,2140,2306,2221,3487,2423,2492,2218,8023,2271
69035,2218,2848,3258,3379,2140,2045,8023,2469,3303,2191,2856,2048,3287,3301,2840,2293,2306,2852,3362,2349,2849,2270,2271,2193,2357,2170,2308,2276,3477,2428,2269,2283,7986,2275
68118,2221,3362,2469,3481,2046,2678,2423,3258,2761,2193,2270,2681,2271,2275,418,2140,2283,3379,3402,2294,3365,2856,3287,2682,2304,2047,2293,2045,3543,2848,2851,2276,2428,3301
68121,3362,2851,2469,2046,2678,2306,3287,2761,2193,3365,2681,2271,2275,3301,362,569,3302,2140,2191,3379,3402,2283,418,2852,2856,2682,2293,2047,2218,2045,3543,2428,2849,2276,2308,3258
68106,3362,2469,3481,2046,2678,2306,3303,2761,2193,3365,2681,2271,2275,2270,2856,2851,2140,2191,3379,3402,2283,418,3302,2840,2682,2293,2047,2218,2045,3543,2428,3301,2276,2308,2848
68461,2269,2388,3481,2046,2678,2306,2851,3379,2193,2270,2681,2761,3362,2275,3303,3302,2140,2191,2469,3402,2283,418,2852,2856,2682,2293,2047,2218,2045,3543,2428,2849,2276,2308,3258
69420,3301,2469,3486,2046,2678,2306,2851,2761,2193,3302,2681,2271,2275,2270,3258,418,2140,2191,3303,3477,2283,3287,2852,2856,2682,2293,2047,2218,2045,3543,2428,2849,2276,2308,3362
68620,2269,2388,3481,2046,2678,2306,2851,3379,2193,2270,2681,2761,3362,2275,3303,3302,2140,2191,2469,3402,2283,418,2852,2856,2682,2293,2047,2218,2045,3543,2428,2849,2276,2308,3258
68220,2275,2388,3477,2047,2678,2308,2856,3379,2221,2270,2681,2761,3362,418,3303,2170,2218,2469,3487,2293,2269,2851,3258,2683,2294,2048,2283,2046,3543,2840,2852,2140,2423,3287
68117,2270,3258,418,2852,2045,2306,3477,3379,2193,2469,2048,3362,426,2140,2191,2271,3487,2283,3301,3303,2840,2293,2851,2218,2849,3543,2428,3287,2276,2308,2269
68149,2170,418,3477,2851,2193,2678,2428,2270,2388,2140,3362,2045,2271,3303,2191,2293,3365,3486,2304,3379,3258,3301,2046,2306,2221,2294,2048,3543,2849,2856,2172,2840,3302
69185,2856,3477,2170,2046,2852,3379,2218,2469,2193,2045,2048,3362,2761,2294,2308,2271,3402,2428,3303,2269,2221,2840,2172,2423,2140,3543,3258,3302,2293,2851,2270
68116,2856,3477,2170,2046,2852,3379,2218,2469,2193,2045,2048,3362,2761,2294,2308,2271,3402,2428,3303,2269,2221,2840,2172,2423,2140,3543,3258,3302,2293,2851,2270
81929,2045,2852,2191,2270,2428,3287,2271,2275,456,2349,2367,371,2357,2489,2218,2359,2048,2294,2046,368,2423,7986,446,362,445,464,459,2840,433,2849,2388,442,2221,2172,2761,2469,454,468,2170,3693,417,383,449,471,463
82405,2294,463,468,8023,2047,2367,2851,2849,3543,2359,2856,7986,440,2270,2275,446,2469,2852,2306,2761,2221,2357,2048,449,2848,3258,444,413,464,2271,445,442,3301,383,386,3287,2840,471,465,2293,2140,3302,459,3379,454,472,2046,470
82430,382,8023,3287,2428,2270,440,2304,2349,446,2306,7986,2308,2048,2046,2388,2367,2359,444,413,464,445,442,2840,383,2849,2492,386,2170,2283,2275,2271,2172,471,449,2469,465,2218,2221,459,454,472,416,470
70852,2140,3379,2359,2851,2840,3477,3258,3287,440,2269,2271,446,2270,2848,2367,2469,2191,2423,2170,449,2761,2388,444,413,2048,445,442,3303,383,3365,3301,386,2304,2357,3302,2856,471,2193,2349,2283,2045,454,472,2276,470
71094,2294,2851,2848,2489,3396,371,2270,2349,2047,2856,386,2304,2293,2306,3258,3303,2852,2849,3287,2221,2170,2218,2367,2191,3302,3487,2492,3393,569,2045,2172,3395,3365,2275,3486,2193,2469,2423
84156,4874,5216,5157,5117,4845,4775,5120,8571,4825,5218,4785,4876,4870,4881,5142,5150,5161,5160,5143,361,413,5217,8574,509,5149,5156,5119,4823,514,4822,4766,4843,4884,5148,5155,267,5121,5130
57505,282,3413,509,3702,4785,440,459,3350,456,284,4863,514,464,518,462,423,420,463,413,383,3482,3355,417,465,449,3436,4823,472,3351,386,3693,431,471,446,412,468,3437
84991,3353,3397,3394,284,417,362,3436,3358,445,3429,371,3355,3352,3356,464,463,3396,3395,465,456,471,3347,509,442,462,282,316,368,446,472,433,386,3483,578,432,454,3437,420
85005,2492,3365,2170,2048,2428,3301,2218,2848,2193,2047,416,3258,2856,2294,2308,2849,3362,2357,2275,2761,2221,2359,2172,2349,2140,3487,2269,2271,2293,2489,2840
84628,2388,3301,2848,3303,2045,2469,854,3379,1980,2191,3820,2428,382,2293,3402,2276,2046,3365,2047,2849,3258,6990,6989,2852,2306,2357,1979,2489,2367,2856,942,2275,2761,2140,8023,2218,2359,2172,2269,2304
85539,2295,108,2156,230,246,104,2165,99,233,192,232,102,101,2201,2207,98,107,2212,2663,91,234,2213,2166,2209,2153,177,323,2662,2192,2200,92
91686,2213,2169,2661,3600,2201,2417,2402,3260,3598,2416,3540,3373,2207,2200,3272,3541,2827,3372,3374,2153,2209,2165,2826,2166,4489,3241,3371,2206,2215,3375
91808,3365,2293,3543,2047,3302,3303,2221,6855,3301,2848,2276,2840,2306,2428,6989,6888,7986,2852,2856,2140,2269,2218,8023,2172,3481,2761,2849,2304,2275,3258
91820,3365,2293,3402,2047,3302,3303,2221,6855,3301,2848,2276,2840,2306,7986,3481,6888,2428,2852,2856,2140,2269,2218,2423,2172,3477,2761,2849,2304,2275,3258
91988,3287,3365,6888,2191,2048,2428,2388,3402,2293,3301,2276,3379,722,2849,3258,3362,2852,2306,2357,3302,3820,2367,2856,2275,2761,2140,8023,2218,2359,2172,3477,2269,2271,2304,2489,2840
92096,3301,2388,3379,2191,2048,2428,2848,3543,2293,3302,2276,722,723,2849,3287,3258,2852,2306,2357,3303,6855,2367,2856,2275,2761,2140,8023,2218,2359,2172,3477,2269,2271,2304,2489,2840
92020,2848,2469,2270,2191,2048,2428,3486,3302,2293,2849,2276,3287,3402,2306,2357,2852,3365,2367,2275,2761,2140,8023,2218,2359,2172,569,2269,2271,2304,2489,2840
92127,2849,2489,2270,2193,2048,2359,3287,3362,418,2852,2172,3301,3302,2848,2218,2294,3258,2423,2306,2851,2271,2388,2191,2308,2221,2304,416,3486,7986,2469,723,2367,2761
92272,2492,3365,2191,2048,2428,3301,2293,2848,2276,2047,2221,3258,2856,2306,2357,2849,3362,2367,2275,2761,2140,8023,2218,2359,2172,3487,2269,2271,2304,2489,2840
92778,7247,7329,3483,3355,3393,456,412,5617,465,5616,7373,7079,8399,8122,7082,5618,368,7070,7075,383,449,7080,3356,446,3482,3429,282,5652,386,7078,7315,445,459,7064,362,6294,468,470,7066,7098,371,462,3352,3484,7081,423,6969,316,440,464,413
93421,2489,2191,2048,3287,2293,2276,2047,2469,2856,2221,3302,2388,2306,2357,2848,3303,2367,2275,2761,2140,2423,2218,2359,2172,3365,2269,2271,2304,3486,2840
92711,6296,3429,7065,7106,282,8122,3483,8269,3397,463,470,7082,3358,423,7076,4024,6295,8399,7075,5616,7329,442,7247,7098,446,386,4015,3356,383,3482,7070,7077,445,464,7074,468,5652,412,413,5618,7078,433,465,3352,3484,7315,459,5617,454,368,420,471
93790,3301,2388,3379,2191,2048,2428,2848,3543,2293,3302,2276,722,723,2849,3287,3258,2852,2306,2357,3303,6989,2367,2856,2275,2761,2140,8023,2218,2359,2172,3477,2269,2271,2304,2489,2840
91730,2856,3543,6989,2218,2048,2275,3379,5147,2294,3258,2172,4945,3477,2840,2851,3303,2848,2308,2423,3287,6855,2269,2852,3365,3486,2349,2270,2283,2428,2367,3819,8023,3362,2306,2388,3487
92514,3287,3365,3819,2276,2048,2428,2388,3402,2172,3301,2359,3379,722,2849,3258,3362,2852,2283,2304,3302,6888,2308,2856,2275,2761,2367,8023,2140,2306,2221,3477,2269,2271,2218,2489,2840
93842,3287,3365,3819,2191,2048,2388,2489,3402,2293,3301,2276,3379,722,2849,3258,3362,2852,2306,7986,3302,3543,2270,2856,2428,2492,2140,2469,2218,2269,2172,3477,2357,2423,2304,2761,2840
95011,3352,7335,3393,3394,8269,423,3358,3484,3395,7070,462,383,7082,3356,420,7081,7373,6969,4024,5652,5618,3353,7074,362,7315,7064,412,446,5616,440,3483,7075,7079,445,463,7076,368,6294,468,470,6225,7080,3351,464,3347,509,7247,456,5617,449,3429,316,386
93649,3301,2388,3379,2191,2048,2428,2848,3543,2293,3302,2276,722,723,2849,3287,3258,2852,2306,2357,3303,6989,2367,2856,2275,2761,2140,8023,2218,2359,2172,3477,2269,2271,2304,2489,2840
95104,3287,3365,3819,2191,2048,2428,2388,3402,2293,3301,2276,3379,722,2849,3258,3362,2852,2306,2357,3302,6888,2367,2856,2275,2761,2140,8023,2218,2359,2172,3477,2269,2271,2304,2489,2840
93430,2852,2293,2191,2048,2848,2367,2423,3365,2276,2047,2221,2357,2349,3487,2469,3379,2283,2275,3301,3303,2140,2388,2489,2271,2172,2306,2851,3287,3486,2849,3362
93355,3302,3303,3819,2048,2271,2349,2489,722,2276,3258,2761,3362,3365,2851,2852,2172,2283,3287,6855,2294,2856,2428,2492,2045,2304,2193,2293,2047,3477,2367,2423,2170,2357,2840
96604,3353,7066,7080,8122,3483,3358,3396,8269,433,7106,423,7081,8399,7315,7373,7070,5616,7076,470,7247,7098,449,383,6225,3356,368,3482,3429,282,7074,7078,445,464,7075,440,5652,362,412,6295,7079,468,465,3352,3484,8398,462,5618,456,371,420,442
96726,2428,2170,418,2306,2275,2357,2218,2276,3302,2423,2172,2269,3287,2140,2492,2840,2191,3365,2849,2193,2045,2047,2270,2852,2388,2848,2271,3487,2294,2308,2489,2283,2048
96744,3483,5616,3350,3352,7079,456,3347,463,3353,3429,470,7106,7075,514,454,7074,5617,8269,4024,7335,7329,3484,3393,417,8122,7080,472,383,8398,368,462,3394,6969,7065,471,3395,7064,6225,362,412,7373,7070,7315,433,284,464,7082,7098,8399,445,371,449,7247
96391,3301,2388,3379,2170,2048,7986,2848,3543,2218,3302,2276,722,723,2849,3287,3258,2852,2294,2308,3303,6989,2357,2856,2275,2761,2423,2359,2172,2349,2140,3477,2269,2271,2293,2489,2840
96876,2492,3365,2193,2046,2428,3301,2218,2848,2140,2045,2048,3258,2856,2294,2308,2849,3362,2357,2275,2761,2170,2359,2221,2349,2191,3487,2269,2271,2293,2489,2840
97449,2423,2191,2048,3287,2293,2276,2047,2469,2856,2221,3302,2388,2306,2357,2848,3303,2367,2275,2761,2140,8023,2218,2359,2172,3486,2269,2271,2304,2489,2840
93653,2851,2293,3302,2047,2848,2849,2221,3258,2840,2269,2276,3487,2306,2357,3365,3287,2367,2469,2275,2140,8023,2218,2359,2172,3362,3486,2270,2304,2489,2388
99117,3642,417,2166,463,445,371,2156,470,459,3351,465,261,413,121,446,316,442,440,267,368,3643,472,433,386,284,3648,471,412,3645,361
70739,2761,2269,2492,2170,2221,7986,3379,3301,2218,2840,2046,3258,3402,2294,2308,2848,3362,2357,2852,2469,2275,2047,2359,2172,2349,2140,3487,2489,2270,2293,2423,2388
97259,3258,2293,3362,2047,2852,2851,2221,3301,2849,2469,2276,2270,2306,2357,3486,3302,2367,2275,2761,2140,8023,2218,2359,2172,3379,2269,2271,2304,2489,2840
99016,417,470,509,3396,3357,423,514,383,445,464,7076,468,3397,412,7070,3356,7074,518,3353,3395,3394,3347,433,449,8122,7079,456,3352,3482,3484,413,459,386,454,368,465,420,284,471
97953,7064,3429,8269,7066,282,3393,3483,3394,4024,463,470,7373,3358,423,6225,7076,7098,8399,5652,7077,7106,442,7070,6969,446,445,7075,3356,444,3482,5617,6294,413,464,5618,468,7080,383,386,7079,6295,433,465,3352,3484,7074,459,7078,454,472,420,471
98853,6296,3429,7070,7315,282,3393,3483,3394,7066,463,470,7064,3358,423,7078,5652,6295,8399,7077,8269,7329,442,5616,7106,446,445,5618,3356,444,3482,7075,7079,413,464,7076,468,4024,383,386,4015,7080,433,465,3352,3484,5617,459,8122,454,472,420,471
99009,7064,7335,3394,282,7106,3483,7247,4024,463,470,7098,3358,423,7074,7081,7079,8399,3395,5617,6969,7373,442,5138,7075,446,445,7080,3356,444,3482,3429,3396,413,464,3393,468,6294,383,386,6225,3397,433,465,3352,3484,7078,459,7082,454,472,420,471
98845,7082,3357,4024,7335,420,3358,284,3429,3397,449,445,6295,3356,316,5616,7074,7081,7315,8399,7075,7098,470,7373,6296,471,417,7070,3353,413,282,7066,5617,463,454,8398,444,7078,383,386,7077,5618,468,456,3347,3482,6969,8122,7076,442,412,465,440
98597,7080,3429,8399,7064,3353,3393,3357,3394,8269,463,442,5652,518,3352,6294,7098,7079,6969,6225,7070,7081,471,7106,4015,446,445,7315,509,444,3356,7335,6295,413,464,7373,433,7076,383,386,7075,6296,470,465,3482,3358,7247,459,7074,454,472,3350,468
99005,6295,7077,518,464,454,3350,468,5617,3357,5616,7079,7247,6969,8122,7070,5618,3393,7335,8398,3394,444,7315,465,472,514,463,3358,5652,3395,7106,6296,413,3352,6225,440,7081,383,386,7075,7329,471,3353,420,3482,7098,3429,7076,3396,417,3356,470
99030,3355,463,470,3396,423,3395,7106,7098,5652,3394,7247,3397,442,7075,7078,446,7315,7064,3356,7077,3482,3429,282,449,7082,7081,444,413,464,7076,445,468,6294,383,386,7329,7080,433,465,3352,3484,7335,459,6295,454,472,420,471
99825,2304,2851,2359,2269,2283,2293,2271,2308,2218,2193,2275,3481,3287,3303,7986,2349,3487,2276,2170,2388,3402,2849,3486,2840,8023,3477,2221,3258,2047,2172
94366,2293,2851,2349,2469,2191,2218,2388,2304,2172,2193,2761,7986,2046,3486,2367,2306,3402,2276,3481,2423,3258,2849,3487,2840,2359,8023,2221,2045,3303,2140
99701,2367,2269,3543,2851,2046,2193,2283,2275,3287,8023,2840,2270,2469,2306,2359,2492,2308,3303,3365,7986,2859,3486,2357,2218,2293,2848,3487,2856,3379,2852,3477,2140,2191,3302,2221,2294
93812,3287,6888,3303,2678,2761,2851,2269,2681,2275,2191,2048,2428,3820,2293,2388,2276,3477,2680,3481,3362,3543,2492,2489,3365,2306,2357,2469,2840,2367,3402,2270,3258,3301,2140,8023,2218,2359,2172,2849,2304
100977,2275,2492,3486,2349,2852,2048,2191,3365,3258,2269,2276,2388,2271,2761,8023,6989,2489,3487,7986,3302,3543,2270,2678,6888,2428,2308,2357,2840,2140,2851,6855,2849,2682,2293,2306,3301,2218,2359
92814,2856,2359,2678,2293,2848,2270,2170,3287,3402,2851,2367,2275,3302,2357,3487,2047,8023,3481,2193,7986,2304,2308,2388,2221,2849,2048,2840,2680,2218,2294,3486,2172,2349
93142,2048,2848,2271,2367,2851,2761,2469,2172,2357,2388,7986,2283,3487,3301,2304,3477,2045,2218,2293,2423,2046,2849,3543,2840,2679,2140,2191,3486,2221,2294
92807,2856,2293,2349,2680,2848,2270,3481,2140,8023,2851,2308,2275,2357,2359,2283,3487,3287,2304,2678,3302,2294,2276,2170,2388,3303,2849,3301,2840,2682,2047,2221,3486,2045,2172
92811,2856,2293,2678,2276,2848,2271,2047,8023,2359,2851,2294,2761,2349,2283,3487,3301,2304,3481,3303,2306,2170,2191,2423,3402,2849,3302,2840,2682,2193,2140,3486,2048,2218
100134,2848,2469,2270,2191,2048,2428,3486,3302,2293,2849,2276,3287,3543,2306,2357,2852,3365,2367,2275,2761,2140,8023,2218,2359,2172,3402,2269,2271,2304,2489,2840
69031,2761,3303,2849,2045,2271,2275,2048,3487,2469,7986,2193,8023,2172,2283,2856,2840,2294,2428,2492,2221,2304,3301,2293,3258,2851,2367,2423,2170,2357,2269
91752,6225,7078,3482,3353,3429,462,446,8398,420,8269,7080,7065,7247,8122,7074,8399,444,6296,5617,445,442,7066,3355,433,284,3358,423,7329,362,6969,6294,383,463,7335,440,7082,456,468,7076,6295,472,464,3350,3483,7070,449,7077,412,471,316,417
91746,445,7065,7106,282,386,3351,464,7076,7080,444,7066,413,7078,8122,468,449,7070,7098,456,7074,3482,3484,371,459,417,454,383,7315,420,284,440,465,4015
91978,7065,5616,6294,3347,444,413,464,7075,468,5617,383,7066,6969,7070,3393,7373,6296,6295,3394,433,449,5618,7078,456,7335,518,3350,386,459,445,454,472,7082,3483,514,471,465,3352
92011,7082,8122,8399,6969,282,3429,3483,8269,3397,463,470,5617,3358,423,4024,7074,7081,7315,4015,7075,7098,442,7065,5618,446,445,7070,3356,444,3482,7335,6225,413,464,7373,468,7078,383,386,7077,6294,433,465,3352,3484,7066,459,7076,454,472,420,471
91759,3353,463,444,3395,423,3394,7079,7077,7373,3393,7080,3396,433,7247,7066,442,7315,7078,3356,7074,3482,3429,282,468,7076,7081,383,446,464,7065,386,472,7098,412,413,7082,7075,440,465,3352,3484,5616,459,8398,470,368,420,445
91743,6296,7079,3353,3484,8122,463,440,7335,423,7329,7081,7066,7315,3429,7075,7373,471,5618,8398,433,472,7070,509,417,3352,8269,3347,6225,442,7065,5616,362,464,6294,445,7098,371,368,7077,5617,470,465,3482,3355,7074,459,7078,446,386,420,468
93468,2852,2677,2469,2191,2048,2428,3301,3365,2293,2851,2276,3302,3303,2849,2306,2357,3287,3487,2367,2856,2275,2761,2140,8023,2218,2359,2172,2679,2269,2271,2304,2489,2840
98304,3301,2349,3379,2045,2856,3258,2048,3303,2851,2275,2193,2271,2367,2218,3543,3362,2293,2761,2848,2221,2294,2172,2283,2140,3487,2469,2388,2359,2269,2849
92709,7098,5618,3483,3355,8122,463,470,7078,316,7077,3393,7373,8399,7076,6295,7079,442,7106,7315,446,386,6225,3356,383,3482,8269,420,7080,449,7335,3429,445,464,7081,468,3395,412,413,5616,7064,433,465,3352,3484,6294,459,5617,454,368,284,471
106176,8558,233,234,569,468,446,8581,8694,8556,444,413,173,2221,442,8587,383,2047,8567,2048,235,8557,8580,8681,449,471,162,2045,174,169,8562,8588,230,232,386,170,445,440,472,190,470
105734,8581,8570,683,444,413,8569,8575,8982,442,8587,383,8571,8572,8694,8681,8579,471,440,8588,449,143,8580,8574,8576,386,8566,445,121,472,687,8557,8573,470,8556,166
100588,8579,8556,8569,433,413,3351,683,8570,470,8681,383,8589,700,472,3693,8580,8958,8573,8557,8559,386,8574,442,3702,143,687,8568,8562,417,8566,440
106082,8571,8581,8580,383,413,8558,683,166,442,8572,444,8575,700,471,8567,143,8958,8569,8982,8588,8694,445,8556,386,8568,368,687,8681,8587,470,8559,8570
106179,5121,687,3483,518,5154,5118,684,121,3413,3436,8556,454,8958,471,4827,166,433,8575,8562,514,509,383,8570,8568,386,417,697,569,5120,3484,3693,8587,468,700,683,445,8569,8694,8681,8559,8557,368,8573,444
106556,5157,8681,4827,383,5150,5130,8581,5121,472,5145,5143,4863,413,509,4823,4843,444,4780,4874,4870,4876,5117,5142,8580,386,5119,4824,4833,445,514,261,5141,417,5148,5154,4785,267,4835,4860,5118,4822
106589,5153,5157,4881,4843,4863,5118,5156,5218,4824,5145,4780,5160,5161,5142,5141,4833,267,5149,4874,4766,5143,5155,4870,4785,509,4845,361,4832,4884,5122,5154,4827,5120,5117
98241,3301,2293,3379,2047,2856,3258,2221,3303,2851,2275,2276,2271,2306,2357,3543,3362,2367,2761,2848,2140,8023,2218,2359,2172,3487,2469,2388,2304,2269,2849
106286,168,445,8990,371,121,8587,8557,440,386,302,8566,468,470,444,8576,8575,8681,3693,417,433,3351,166,8562,8558,8567,362,368,3702,8569,684,8694,8556,8579,8588,8559
105064,3645,4766,4824,413,5121,468,5120,5145,5142,5138,5118,5149,5122,383,4876,5150,386,4881,5143,361,4870,433,509,470,5156,417,5141,569,4845,4775,4825,4874,412,5157,4785,4823,5217,5117,368,4827,3648,3643,5153,445,5216,472,4843,4835,371
105038,5219,4832,4822,5121,4778,412,173,5145,4876,386,471,5151,5149,3647,5156,383,433,518,4827,3641,5157,5148,472,172,4874,5150,143,8566,261,169,4845,5155,413,445,8569,3644,4775,5118,417,174,4825,161,4785,4823,4881,371,4835,8573,5120,4884,8575,5143,4870,3643,509,3645,361,4843,230,5122,171,4833,160,5138
106677,267,417,4827,5121,442,5120,5153,5149,5138,5118,5157,5122,362,4870,5130,412,5117,5150,4766,5142,471,518,468,413,5145,5160,4845,4775,472,5119,4822,4825,5216,4785,4823,5161,5143,4835,444,261,3641,5218,383,4876,371,4843,433,4833
105088,386,4827,5154,433,509,5142,5117,5219,4766,5143,569,5118,5122,362,5120,5119,361,5121,470,514,442,412,4870,4876,4845,4775,417,4822,4825,5150,4785,5157,3644,4823,5149,5130,4835,472,3648,3643,5160,368,413,4843,445,4833
106419,5143,8581,5154,4845,4785,5120,5157,4876,4825,5145,4863,5160,4870,5142,4835,361,5153,8681,509,5149,5156,5119,4823,514,4822,4766,4843,4883,5148,5155,4833,5121,5130
106405,5149,5130,8581,5121,4843,4785,361,5160,3702,5141,4863,5150,5145,5153,5154,8681,5119,5117,5155,413,4825,5142,4876,4833,8579,5120,5122,569,4835,4845,4827,4832,4884,509,5118,412,468,5148
106403,5150,371,5142,5138,518,5160,4822,5154,5117,4824,5155,5143,5156,472,386,4825,5141,5130,4845,4785,267,3693,3351,8581,4863,4876,5153,4823,509,5120,8580,8579,514,4870,413,361,5118,445,4835,4827,4843,368,412
106687,5160,3645,464,5122,454,445,3647,5151,442,5156,3413,368,4827,459,509,444,5154,4822,5142,3351,5130,4884,456,4874,3648,261,316,267,5141,4845,433,3693,446,4775,383,3702,5161,4825,5145,4785,4823,4881,449,4835,4876,386,5143,3644,468,463,413,420,362,4843,8573,472,5217,4833,5157,5138
106664,4876,267,5154,5122,8575,468,361,5151,3643,5156,5145,417,362,8579,514,442,5155,4822,5142,8568,5130,4884,8576,5143,4766,4827,8588,4833,5141,4845,471,8566,8570,4775,472,8567,5217,4825,5157,4785,4823,5150,8571,413,5149,444,5153,261,3641,8581,383,8694,371,4843,5138,433,4881,412,5218,143
106680,4874,5161,5150,5142,4884,5217,5160,4827,5156,5117,4833,8570,5143,5121,4870,471,5151,468,4835,5141,5130,4823,4775,472,4832,4845,5218,4785,5219,5153,362,4766,5118,5216,5157,4825,444,518,261,383,371,413,433,4824
106649,4778,8575,5217,449,3351,5156,386,267,4766,444,5120,518,3645,4827,8567,8574,383,5118,4822,5149,5143,4883,8566,5150,361,5121,362,5119,412,5145,4845,472,5122,5148,4775,3647,509,4825,5160,4785,4823,5157,5151,4835,3648,440,445,5117,3642,5142,3643,4843,368,4833,4881
105839,5130,5118,4827,5157,5151,5153,8575,8573,166,5150,8576,5160,261,5138,8568,267,8566,8574,5142,8570,5156,5149,5154,361,8572,8579,4845,4775,5120,8567,4822,4825,8580,4785,4823,8681,8571,4835,5121,5119,4876,8581,514,8556,4766,4843,5148,4833
106658,5130,5153,5154,456,8574,267,446,5151,442,5156,8570,4824,413,8576,454,261,4845,5216,5142,4881,8575,5218,449,509,383,5141,8681,5117,386,5157,4843,433,514,8572,4775,4825,518,412,5143,4785,569,5219,8573,368,4827,8569,468,5119,445,5161,472,4832,4835,371
105047,5117,5154,5151,4845,4775,5120,5218,5153,4825,5119,4785,5149,4874,4835,361,5130,5161,509,5142,5156,8556,4823,514,4822,4766,4843,5219,5148,5155,4833,5121,4870
106435,8581,5142,4874,4845,4785,5120,5151,5149,4825,5117,4863,4870,5143,8570,8580,5141,8571,4835,8575,5119,5157,261,8681,5148,5154,4823,267,4822,8576,4843,4881,4766,518,4833,5121,5155
106710,5154,8580,8576,4827,8572,4766,8571,4881,4874,4884,8570,3693,5138,8566,5143,5150,8567,5145,4876,8681,371,5121,8587,5118,5141,8568,5160,4822,4845,4785,261,5142,4825,362,4863,4823,3351,5149,4835,267,5155,509,3702,8574,413,8569,4843,697,4833
106725,4876,5153,5143,5119,4884,4870,5150,4825,5148,5155,4827,5151,5130,514,5154,8681,5120,121,4833,5117,3351,413,4785,368,4823,4843,5160,4863,4874,5145,569,8588,4766,5157,5149,4824,383,3482,8581,267,4835,412,470,4822
106454,5143,5156,5157,4845,4785,4766,8572,4876,4825,5145,4863,5160,5138,5117,4870,5142,5119,4835,267,5149,8681,5118,5141,5155,8570,4823,5120,4822,361,4843,4883,518,5154,4833,509,8571
106969,5217,472,446,5141,368,444,509,445,433,412,569,5117,417,371,454,5149,5218,4884,3437,5150,5219,4835,5142,5119,261,4822,5145,5155,4845,386,3413,389,4775,413,3436,4825,5160,4785,4823,5157,578,4833,3351,5148,514,5143,3702,5153,361,4843,440,4827
105175,5143,5148,5157,413,4775,4766,5155,5218,4843,5145,4785,5160,5117,5161,5156,5142,5141,4870,4824,4827,5149,4883,4835,5119,5122,5151,569,261,4823,4833,412,4881,518,5121,4822,509,5154
106290,4822,5130,5149,5218,4845,4775,5120,4870,5160,4835,5145,4785,5150,5153,5119,4825,361,5142,5161,509,5141,5156,4874,4823,514,4827,4766,4843,5219,5148,5155,4824,5121,4876
106959,5148,4845,4775,5150,4825,4785,4863,5120,5145,4780,5157,4870,4835,361,5218,5160,509,5122,5161,4823,514,4822,4766,4843,5141,5156,5121,4833,5154,5216
105178,5142,4876,5154,4845,4775,5120,5153,5216,361,5143,4785,5157,5160,5141,4825,4835,5150,5219,509,5145,5156,5117,4823,514,261,4766,4843,4883,5148,5155,4824,5121,5119
105073,5121,4824,368,518,417,5150,5142,697,569,5153,4833,468,5117,4835,470,5143,3351,471,5154,472,5148,261,5141,5130,4832,4785,5122,4843,4822,5216,4863,8588,8571,3693,5160,5145,4827,4766,8681,5156,8589,5118,267,4823,514,4825
106964,5141,5142,4876,4832,4775,518,5155,5150,4822,5117,4785,5143,5145,5219,5217,4827,261,5119,5160,361,4870,5154,5156,569,4766,4843,267,4823,4883,5121,5151,4825,5118,5161
106941,5142,4876,5154,4845,4775,5120,5153,5216,4825,5143,4785,5157,5160,5141,4835,361,5150,5219,509,5145,5156,5117,4823,514,4822,4766,4843,4883,5148,5155,4833,5121,5119
105061,518,5216,4845,4775,509,5153,4825,5130,4785,4863,4780,5149,5145,4835,361,5141,5161,5118,5156,5117,4823,5120,4822,4766,4843,5219,5148,5155,4833,514,5119
106545,4881,5157,5145,5130,4884,4874,5153,4827,8580,8571,4833,8581,5141,5156,8570,509,3351,361,4835,5119,5117,4845,4785,8574,4822,4825,4870,4863,4876,5149,4823,5121,5154,5160,5150,413,8575,5151,518,8568,8566,4843,261,412
105167,5118,4845,4775,5150,4825,4785,4863,5154,5145,4780,5157,4870,4835,361,5130,5160,509,5156,5117,4823,514,4822,4766,4843,5217,5148,5155,4833,5121,5119
106862,4778,4870,8588,5143,5130,8567,5148,417,5142,5155,5150,5216,5120,4825,8569,445,518,5149,4845,8574,5138,8558,8568,8575,472,5153,4835,8571,261,8573,4843,5154,5157,5218,4775,5121,5160,4824,8681,4785,3693,8579,5217,4833,5122,412,5156,8570,4766,4884,361,4832,8559,514,4827,8562
105173,5142,4766,4845,8579,5148,8572,5157,5150,445,8571,5160,8681,4825,8694,4876,4827,5161,5153,8566,4874,5155,8569,5151,4833,5149,5145,413,4775,5118,166,4823,4843,4883,4785,569,5216,5143,4824,5120,5130,509,5218,267,4884,4835,412,5122,4822
105589,5130,4870,5149,4845,4775,5120,444,5160,4825,5141,4785,5150,5153,445,5119,5117,4874,4835,361,5142,5218,509,4881,5156,417,4823,514,4822,4766,4843,4884,5148,5155,4833,5121,472
105212,8574,5122,4825,8588,5151,8587,5149,5143,5138,8581,5150,8589,4835,449,5117,261,454,5145,8576,5130,5156,8580,5154,267,5142,5153,4843,4785,509,456,4845,4824,5160,4860,4863,5157,5141,4833,514,8573,8571,4870,5120,4766,4832,5148,4827
106218,5143,8581,5154,4845,4785,5120,5157,4876,4825,5145,4863,5160,4870,5142,4835,361,5153,8681,509,5149,5156,5119,4823,514,4822,4766,4843,4883,5148,5155,4833,5121,5130
106716,3642,8574,4835,362,5118,261,518,5153,5149,5138,514,5219,5120,569,5156,5141,371,5160,5150,8573,5130,433,8576,267,5151,368,5145,5117,4822,4845,4775,417,5154,4825,5216,4785,4823,5161,5119,413,472,3644,468,5157,4827,5218,383,4843,445,412
106668,267,4824,4845,518,433,514,4870,5155,4881,509,5117,5118,383,5149,5157,386,5119,5156,361,5153,470,3351,442,417,5154,5151,413,4785,4825,5150,4823,4843,5216,4863,569,5130,5148,368,4827,3648,3643,5141,445,5218,472,412,4835,371
105878,5218,5151,514,8570,468,361,5148,3643,5156,4870,417,362,8572,569,442,5155,4822,5142,5130,4884,8571,5143,983,5118,4827,8579,4833,5141,4845,471,5120,8566,4785,472,5121,4876,4825,5153,4863,4823,5149,8567,413,5150,444,5157,261,3641,8576,383,5117,371,4843,5138,433,4883,412,5217
106642,4876,267,514,8576,3693,468,361,509,3643,5118,5145,417,4827,3351,8568,442,518,4822,5142,5148,5130,4884,3702,5143,8566,362,8556,412,5141,4845,471,5121,5154,4785,472,5122,5217,4825,5157,4863,4823,5150,5155,4835,5149,444,5153,261,3641,4870,383,8557,371,4843,5138,433,4881,4833,5218
105049,5119,5145,4881,4845,4785,5151,8570,5157,4825,5130,4863,5149,5150,5143,8581,8580,4835,361,5141,4874,5120,5117,518,8571,4823,5121,4822,5118,4843,4883,5156,514,4833,5154,8572
105660,8566,5142,5153,4876,4845,4775,5118,5156,5216,4825,5150,4785,5157,5160,5141,4833,267,5145,5219,4766,5143,5155,4870,4823,509,4822,361,4843,4883,5122,5154,4827,5120,5117
105885,4833,4766,444,4825,5120,470,5118,5150,5145,4884,518,5153,5121,413,4870,5130,371,5117,5149,361,5217,3641,8566,471,5154,368,5143,4845,4843,4775,445,5155,4824,5161,4785,569,5160,5119,412,433,4835,3644,5157,417,5218,383,4832,468,362
105213,5157,5143,5130,5120,4845,4785,261,8681,4825,5145,4863,5160,5153,4870,5151,5117,5142,5141,5154,4835,8575,5149,4874,8566,5156,5118,5121,4823,8567,4822,8576,4843,4883,4766,518,4833,267,5122
107478,3258,3362,3481,2308,2367,2428,2388,3487,2047,3287,2293,3365,3379,3303,2851,2852,2221,2170,3301,4945,2191,2856,2275,2761,2294,8023,2045,2172,2306,5159,2269,2271,2193,2489,2840
107491,2045,2294,2840,3486,3302,2270,2848,2191,2048,2428,5162,2293,3487,2276,3481,3301,5147,2849,3258,3379,3365,2852,2306,2357,3402,6989,2367,2856,2275,2761,2140,8023,2218,2359,2172,2489,2269,2271,2304
107484,3302,3303,5159,2191,2048,2428,2388,3486,2293,3258,2276,3362,3365,2851,2852,2306,2357,3287,3543,2367,2856,2275,2761,2140,8023,2218,2359,2172,3477,2269,2271,2304,2489,2840
107507,3258,3362,3481,2191,2048,2428,2388,3487,2293,3287,2276,3365,3379,3303,2851,2852,2306,2357,3301,4945,2367,2856,2275,2761,2140,8023,2218,2359,2172,5159,2269,2271,2304,2489,2840
107496,2848,2469,2270,2191,2048,2428,3487,3303,2293,2849,2276,3301,4945,2306,2357,2852,3379,2367,2856,2275,2761,2140,8023,2218,2359,2172,3543,2269,2271,2304,2489,2840
107482,2045,2294,2840,3486,3302,2270,2848,2191,2048,7986,5162,2293,3487,2276,3481,3301,5147,2849,3258,3379,3365,2852,2306,2357,3402,6989,2367,2856,2275,2761,2140,2423,2218,2359,2172,2489,2269,2271,2304
107536,3258,3362,3481,2276,2367,2428,2388,3487,2172,3287,2047,3365,3379,3303,2851,2852,2283,2304,3301,4945,2308,2856,2275,2761,2048,8023,2140,2306,2221,5159,2269,2271,2218,2489,2840
107516,2283,2851,3302,3477,2191,2048,2428,2388,3379,2218,3301,2276,3303,3362,2852,2294,2308,3258,3402,2357,2856,2275,2761,2140,2359,8023,2349,2172,5147,2269,2271,2293,2489,2840
107545,2848,2469,2270,2191,2048,2428,3486,3302,2293,2849,2276,3287,3543,2306,2357,2852,3365,2367,2275,2761,2140,8023,2218,2359,2172,3402,2269,2271,2304,2489,2840
107529,3302,2388,3486,2191,2048,7986,2848,4945,2293,3303,2276,3487,2851,3402,2849,3301,3287,2852,2306,2357,3362,5162,2367,2856,2275,2761,2140,2423,2218,2359,2172,6989,2269,2271,2304,2489,2840
107527,3302,2388,3486,2191,2048,2428,2848,4945,2293,3303,2276,3487,2851,3402,2849,3301,3287,2852,2306,2357,3362,5147,2367,2856,2275,2761,2140,8023,2218,2359,2172,6989,2269,2271,2304,2489,2840
107551,2423,2276,2048,2849,2172,2359,2047,3301,2840,2357,2851,2269,2283,2304,2271,2856,2308,3303,2270,2367,8023,2140,2306,2221,3486,3258,3302,2218,2489,2469
107542,2848,3303,2191,2048,2428,3258,2293,2469,2276,2047,2221,3486,2761,2306,2357,2271,3302,2367,2489,2269,2140,8023,2218,2359,2172,3379,2849,2856,2304,2840,2270
107528,2045,2294,2840,3486,3302,2270,2848,2191,2048,2428,3481,2293,3487,2276,5159,3301,5162,2849,3258,3379,3365,2852,2306,2357,3402,6989,2367,2856,2275,2761,2140,8023,2218,2359,2172,2489,2269,2271,2304
107535,3258,3362,3481,2191,2048,2428,2388,3487,2293,3287,2276,3365,3379,3303,2851,2852,2306,2357,3301,4945,2367,2856,2275,2761,2140,8023,2218,2359,2172,5159,2269,2271,2304,2489,2840
107539,3302,2045,2293,2840,3486,3362,3258,2172,2048,2423,6855,2283,3487,2276,5162,3301,3477,2848,2856,3379,3365,2849,2304,2349,3402,6990,2359,2851,4945,2271,2388,569,2367,2191,2357,2170,2428,2492,2294
107559,2423,2193,2367,3302,2140,2045,2359,2469,3287,7986,3362,2388,2191,2293,2849,3365,2304,2275,2840,2046,2306,2221,2294,2048,3402,2269,2271,2172,2489,2848
107562,2045,2294,2840,3486,3302,2270,2848,2191,2048,2428,5162,2293,3487,2276,3481,3301,5147,2849,3258,3379,3365,2852,2306,2357,3402,6989,2367,2856,2275,2761,2140,8023,2218,2359,2172,2489,2269,2271,2304
106603,5141,518,4876,121,8573,5145,4883,8581,5154,4884,5148,5117,5151,8566,5121,8556,4874,5156,4845,4785,509,4822,4825,5160,4863,5216,5142,4823,8571,8575,5157,5150,8572,5149,4835,514,8574,8568,267,4870,4843,5118,4833
106610,5148,5141,5130,4823,4785,514,5216,5150,4845,5151,4863,5145,5219,4825,4835,5154,5160,267,5156,5118,5121,362,361,4832,261,413,5217,5119,5142,4824,518,5122
106623,5160,5130,5219,4843,143,5122,4870,4884,4824,5161,4780,4874,4876,5143,5157,5153,5145,267,509,5216,8575,518,5150,5119,5141,4785,5118,4845,514,4832,8572,5154,5117,261,5148,5142
92716,3396,6969,7079,8399,316,7065,282,7066,7077,456,442,4015,3358,465,8269,6225,3395,5652,8122,6294,3397,470,7329,4024,471,445,7373,3356,444,423,7081,7098,413,459,7082,433,3429,383,386,6296,7064,468,462,3352,284,7335,449,6295,514,472,464,446
108364,420,3357,3356,444,413,3350,446,454,282,423,383,433,8269,3394,3397,464,470,509,459,3482,3484,386,514,445,3429,472,8122,3355,3358,3393,3352,316
92715,6295,8269,7077,3395,3482,8122,3347,6969,7075,463,442,3429,518,423,7082,7335,6294,5652,7081,7373,6296,471,3396,3393,446,445,7329,509,444,3484,7079,7098,413,464,7080,433,4015,383,386,8399,7064,470,465,3358,3350,3397,459,8398,454,472,420,468
101753,463,3393,472,413,459,3356,468,514,383,412,368,3353,3352,3482,433,518,3429,446,423,284,386,449,444,442,417,3396,464,420,471,462,509
108361,420,3393,444,413,465,3355,433,509,383,412,368,3352,3350,470,454,514,3358,459,3429,3483,386,462,445,456,472,3396,423,284,468,316,3484
108359,316,3393,444,413,464,3356,462,514,383,412,368,3353,3352,456,446,518,3429,442,3482,3484,386,468,445,433,472,3396,420,284,454,465,509
108356,3483,7065,7080,3347,4015,7066,5617,7070,7078,463,470,3396,6969,423,7106,3355,3482,8122,7064,3356,3484,442,3350,3397,446,445,3353,8398,444,5616,7082,7247,413,464,7098,468,509,383,386,3358,7315,433,465,7329,5618,3352,459,3357,454,472,420,471
108365,3353,282,463,442,7077,423,7076,8399,7106,8269,7075,5652,7078,471,3393,3397,446,7335,8398,3358,3396,3484,7065,3482,7082,449,7064,3394,445,444,413,464,4015,433,5616,383,386,7373,3395,470,465,3355,514,7329,459,5617,454,472,420,468
100610,3358,3351,442,282,3393,6969,3355,444,413,464,7078,433,3394,383,7075,3357,7076,284,3353,7066,7065,3347,470,449,3395,7081,456,3352,3397,3484,514,386,459,445,454,472,465,420,468
108414,514,282,423,444,413,464,3395,3357,433,518,383,3355,6969,470,454,3347,3393,449,3482,3484,386,459,445,456,472,3397,420,284,468,465,509
105733,440,445,454,8573,8581,8587,383,683,8576,433,8571,456,8958,386,446,449,468,8556,8558,442,700,8566,471,444,371,8572,8567,8574,8559,143,3484,8694,472,8982,8588,368
105729,316,454,456,121,8573,569,518,3353,463,8579,8562,8694,3395,8581,3347,8559,3429,284,3393,459,465,514,509,462,8575,8567,8990,371,8569,464,3350,412,417,8570,8587,8681,8568,8572,383,8574
75117,7986,2308,2306,2848,2221,2283,3379,2275,2851,2423,2046,2469,3402,3287,3303,2428,3362,2170,2492,2357,2367,2047,2172,2849,2140,2840,3487,2304,2349,3258,2293,8023
106032,8580,8568,683,470,8576,8579,143,454,8575,8589,8556,8588,8571,8982,700,8958,472,362,449,8562,444,8566,417,8558,687,8587,8694,8570,302,8573
106210,444,8990,386,8557,417,470,8568,8575,143,8562,8559,413,412,168,8681,8576,8958,8581,8589,8573,371,8570,8566,8580,383,687,445,8588,166,472,8574
99814,8958,8573,8574,569,8556,442,700,3484,8570,368,8588,8581,444,143,2859,362,3413,166,417,8575,8572,687,684,8576,8557,468,3436,449,471,8571,3482,8567,8569,412,8579,383,470,371,440,8562
105599,8958,446,433,371,8567,8589,8580,684,8573,449,8570,8990,302,697,362,470,440,442,412,8576,8562,166,3413,8558,468,445,368,8571,8559,8568,8557,8566,2859,8982,444,8575,8581,383
105435,371,471,470,8579,8557,8575,8990,433,8581,368,8566,445,687,8589,8982,383,8958,8571,417,3351,412,8567,8572,8681,8570,8569,684,468,3693,8588,8576,413
105444,8556,684,3484,413,8566,8589,8575,166,386,8569,3483,143,371,368,683,8557,8579,700,362,8580,687,445,168,8570,8581,8567,8681,8572,442,8982,444,8562,8576,302
107302,509,433,446,3356,3413,3355,687,683,1980,3353,700,3357,456,3396,4778,459,3397,684,518,4785,3693,3352,3436,462,2888,389,417,368,442,4775,472,445,427,569,362,578,2859,454,468,3484,316,431,465,854,463,413,471,449
101946,8398,3393,7065,7080,282,3394,3483,3395,8269,463,470,7077,3358,423,7247,7335,4024,5652,7106,7373,8399,442,7081,7078,446,445,7329,3356,444,3482,7098,7315,413,464,7064,468,6295,383,386,6294,7070,433,465,3352,3484,7082,459,6225,454,472,420,471
105730,8958,445,468,8559,413,8569,700,386,8580,8990,8556,371,368,166,8574,8570,687,472,8572,683,471,442,8562,8566,8579,8571,8558,446,8589,470,8573,8587,8980
105611,8681,472,3702,440,8580,700,442,3483,2859,3351,518,471,470,8569,8562,8571,8573,8575,683,8559,2888,3482,8566,386,445,514,509,417,8579,8581,684,8572,8588,444,454,412,371,8589,8587,8568,3693,8980
105967,8982,4825,143,8557,8694,4785,8575,687,8566,8562,8559,4778,4775,8571,8681,4858,4824,8581,8958,683,8567,8587,8573,8580,8569,4843,569,3702,8570,8980,684
106287,470,8581,683,8562,433,442,8559,8958,454,368,8566,371,8589,362,700,166,413,386,472,8567,8573,8681,412,8569,687,8572,383,8588,8570,444
98254,3301,2349,3543,2047,2856,3258,2428,3303,2851,2308,2269,2306,2367,2276,3379,3486,2170,7986,2848,2270,2172,2388,2140,2271,3365,2304,8023,2359,2293,2849
107530,2852,3543,2469,2191,2048,2428,3301,3365,2293,2851,2276,3302,3303,2849,2306,2357,3287,3487,2367,2856,2275,2761,2140,8023,2218,2359,2172,3477,2269,2271,2304,2489,2840
106326,5216,5141,4874,4845,4780,5148,5145,4884,4825,5218,143,4876,4881,5149,5161,5160,5150,361,514,5217,8572,5118,5157,5130,5142,4823,5120,4822,518,4843,8576,5155,5119,267,5151,5143
111390,471,3350,423,3355,446,7075,3393,7329,7077,282,5617,3358,3357,444,413,464,445,433,5618,383,7078,3397,386,518,3353,5616,6225,3347,470,449,7070,465,456,3352,7373,3482,3484,459,454,472,420,468
111370,514,282,423,444,413,464,3396,3358,433,518,383,3356,7066,470,449,3347,3394,456,3352,3482,3484,386,459,445,454,472,7065,420,284,468,465,509
111418,2489,3362,2191,2048,2428,3287,2293,2840,2276,2047,2221,2856,2851,2306,2357,2848,3303,2367,2271,2388,2140,8023,2218,2359,2172,3486,2492,2469,2304,3402,2761
111421,2271,3365,2191,2048,2270,3301,2293,2848,2276,2047,2221,3258,2856,2306,2357,2849,3362,2367,2428,2492,2140,8023,2218,2359,2172,3487,2275,2423,2304,2469,2840
111476,2492,3365,2191,2048,2428,3301,2293,2848,2276,2047,2221,3258,2856,2306,2357,2849,3362,2367,2275,2761,2140,8023,2218,2359,2172,3487,2269,2271,2304,2489,2840
111509,2270,2761,3402,3362,2048,2172,2308,8023,3258,2469,2849,3486,3487,2388,2428,2423,3302,416,2271,2489,2221,2269,2306,2349,2852,2276,3365,2193,2856,426,2283,2304,3301,2191,2357
111873,2357,2359,2489,3362,2852,2388,2170,3486,3258,2306,2045,2367,8023,2294,2293,3302,416,2308,2423,2270,2304,2140,2172,2046,2469,3365,2269,2048,3543,418,2276,3301,2761,2191
111671,3486,8023,418,2306,2046,2852,2388,2276,3258,7986,3362,3487,3402,2193,2172,2359,2428,2423,2191,3302,416,2489,723,2270,2357,2304,2308,3365,2469,2047,2269,2045,3477,2218,2294,3301,2761,2140
111948,7986,3486,2489,3258,2852,2388,2170,2357,3302,2306,2045,3487,3402,2294,2293,416,3379,2308,2423,2270,2304,2140,2172,2046,2469,3287,2269,2048,3543,418,2276,382,2761,2191
111874,2170,2172,2294,382,2852,2388,2193,8023,3287,2359,2045,2191,2489,2349,3402,3303,3379,2367,2283,2270,2357,426,2221,2046,2469,416,2269,2048,2306,2704,3543,3302,2761,2276
111914,2283,2293,2140,382,2048,2388,8023,2308,3365,2492,2849,2294,2304,2276,2221,3287,3303,3402,2359,2270,2489,426,7986,2852,2469,416,2269,2856,2172,418,3543,3258,2761,2423
111903,3487,2349,2492,3362,2048,2388,2170,8023,3258,2306,2849,2357,2359,2294,2293,3302,416,2308,2428,2270,2304,2140,2172,2852,2469,3365,2269,2856,3543,418,2276,3301,2761,2191
112017,2306,2308,2423,382,2852,2388,3487,2367,3287,2293,2045,2349,2357,2218,2191,3303,3379,2294,3543,2270,2283,3486,3402,2046,2469,416,2269,2048,2489,2193,2704,3302,2761,2140
111888,2423,2428,2140,382,2852,2388,2221,2492,3365,2308,2045,8023,7986,2304,2294,3287,3303,3543,2359,2270,2306,2193,2276,2046,2469,416,2269,2048,2172,2704,3402,3258,2761,2218
112067,3301,2218,2306,8023,2047,2852,2388,2423,2276,3287,2304,382,2308,2193,2191,3303,3379,2293,2359,2270,2283,426,2428,416,2469,2048,2269,2046,2489,3486,3543,3302,2761,2140
111698,2349,2221,8023,3258,2852,2388,2172,722,3302,2357,2045,2276,2423,2293,2308,2193,2294,416,3379,2359,3543,2270,2306,2170,2191,2046,2469,3287,2269,2048,2489,3486,2140,382,2761,2218
111678,2170,2489,2293,3303,2852,2388,2193,2308,2047,2172,3258,2294,426,2304,2221,2140,2704,2276,3365,416,2191,2349,2270,722,3402,2492,3287,2469,2045,2269,3302,3819,2428,418,3362,2761,3543
111644,3301,2428,2275,2221,382,2852,2218,2357,3486,3287,2271,2045,2388,2761,2423,3303,3379,2270,2492,2170,2269,2349,2359,2046,2172,416,2140,2048,3543,2294,2308,3302,2283,2367
106823,5148,362,470,5218,5142,471,5130,5153,5141,5120,518,8572,5149,5145,4822,4785,412,4824,261,8573,4823,4874,5216,4832,5154,5119,8570,4870,5155,468,371,8571,8574,413,383,5117,5122,386,368,4845,509,361
107679,5118,8562,267,5155,8589,5154,5217,5216,5138,5130,5219,8567,5143,5157,8568,5145,5218,5121,5149,8571,5151,8694,8569,4870,5160,4822,4785,8557,5150,4824,261,4876,4823,4832,4874,5161,8566,8558,518,3693,4883,8581,8579,4845,8588,361
106806,4775,472,4835,8980,166,4845,4870,368,4785,989,8576,417,8982,362,8573,4863,8574,440,4858,8681,8579,446,445,468,8566,261,471,454,4825,4833,412,3643,383,470,371,4823,4843,4824,444
106707,3642,386,8567,4823,8579,8588,8570,4876,361,8589,444,166,8573,445,168,8571,267,302,4845,8681,4832,468,8576,8575,442,4785,3644,371,383,143,362,509,4860,412,8980,8572,472,3645,4833,4824,514,3643,470,433,3648,417
105060,3702,4775,3642,471,8681,8571,449,383,4785,442,8558,3641,8580,412,8556,3693,8562,440,143,8579,8572,446,3645,417,8581,5138,444,989,8588,8568,468,413,445,386,472,368,8573,8575,3644
105689,8570,8982,302,444,413,8681,8562,8576,442,8571,383,8573,8559,8574,8557,8569,8568,8558,471,3642,8572,578,3645,8566,8980,143,386,3647,445,3644,472,6642,8587,8694,470,8580,8556
111904,7986,2170,2423,3258,2852,2388,2218,3402,3302,2349,2045,2428,2294,3486,2283,8023,2308,2293,3365,416,2357,3543,2270,2304,2140,2172,2046,2469,3287,2269,2048,6855,418,2276,3362,2761,2191
106632,8572,8579,4860,472,412,4775,8557,8587,433,8573,368,8681,8580,8567,8571,8576,8568,470,3641,8574,8694,3644,8570,8562,8558,383,3645,444,3642,417,166,4785,8556,468,4778,8559
111657,2357,2170,3486,3362,2852,2469,2218,2489,3258,2359,2045,3487,2294,2423,2283,2349,2308,2293,3302,416,2367,722,2221,2304,2140,2172,2046,2276,3365,2193,2048,3819,2388,418,3301,2271,2191
111886,2357,2359,3487,3258,2852,2388,2170,2423,3302,2306,2045,2367,8023,2294,2293,3365,416,2308,2492,2270,2304,2140,2172,2046,2469,3287,2269,2048,3543,418,2276,3362,2761,2191
111636,2489,3543,2367,2856,3302,2388,2283,2172,2045,2492,2848,426,2140,2306,3402,723,2308,2048,3379,418,2357,2270,7986,2218,2293,2849,2469,382,2269,2851,2221,3486,2428,2047,2761,2294
106249,5217,444,5160,5138,5154,4874,261,5142,5149,267,5143,5161,5145,518,509,361,5157,5153,4823,412,417,4832,4845,8573,4775,8575,5219,4778,5148,5156,4884,4881,5151,4876,4825,472,5155,5120,368,3351,4785,445,4824
107602,5156,5120,5121,121,261,4881,5150,5161,5151,4845,4775,4833,4884,4825,5153,4785,5217,5130,5219,5122,5155,5149,5145,5148,361,8575,5216,4835,4858,5154,5157,514,5118,4823,4860,4822,8576,4843,4874,267
106324,5216,4874,8570,4822,4778,5151,5142,4884,261,5218,4823,4876,4881,5150,5161,4870,5153,4766,518,5217,8575,5120,5160,5141,5143,4832,5121,4824,5118,4845,8572,5156,5130,361,5154,5145
111623,2308,2191,418,382,2048,2388,2276,2357,3365,2423,2849,3543,426,2218,2306,2304,2283,3287,3303,2428,8023,2270,2294,2172,2193,2852,2469,416,2269,2856,3819,3486,2170,3258,2761,2221
106651,5148,8566,8573,4822,5151,261,5154,8557,4780,417,5216,5122,4845,5142,5160,5153,8579,8574,4881,5117,8570,445,4874,5143,468,362,5157,5120,3702,4825,8571,8575,442,4785,8572,413,5217,383,386,5218,8576,444,4823,518,267,5150,4775,5161,471,3693,4843,472
107407,5216,4874,8570,261,4778,5151,5142,4884,4822,5218,4823,4876,4881,5150,5161,4870,5153,4766,518,5217,8575,5120,5160,5141,5143,4832,5121,267,5118,4845,8572,5156,5130,4825,5154,5145
111662,2308,2221,426,382,2852,3365,2172,2349,2270,3402,2045,2276,8023,2193,2304,2294,2275,3258,722,2367,3301,2306,2170,2191,2046,3302,416,3287,2048,2428,3486,2140,2271,3379,2218
106237,5216,4874,8574,4822,4832,5151,5142,4884,261,5218,4775,4876,4881,5150,5161,4870,5153,4766,518,5217,8572,5120,5160,5141,5143,4778,5121,4824,5118,4785,8576,5156,5130,361,5154,5145
106313,362,5117,518,5141,412,4884,5150,5216,8574,5118,4874,5145,5143,4822,4832,166,4824,261,4876,4775,8575,5161,4778,5155,5130,4870,5219,5156,569,413,4881,4766,8562,5119,5217,5121,5148,8557,8556,4785,514,361
105039,5157,121,3702,5119,5217,5161,5149,4822,4778,518,8575,3693,5219,4823,4884,5153,8573,5130,5145,5218,5216,5141,267,362,4870,8570,413,5143,4876,5154,5156,4832,4766,4824,412,4845,5118,5121,261
106266,5216,4874,8572,4824,4780,5154,5143,8574,267,5218,4832,4876,4881,4870,5160,5157,509,5118,5217,8570,5121,5161,5142,5145,4843,5122,4825,5120,4822,4884,5117,5141,4766,5155,5149
106229,5148,8570,4824,4863,8575,4860,5219,5218,8589,4858,569,5117,8562,5145,5153,8557,5149,5217,5154,5160,8581,449,8576,4827,5216,4870,4778,4832,8571,5150,4780,4822,4874,261,267,3693,5161,8556,8572,5122,509,4876,8568,8566,4775,8574,4825
106279,5161,5141,4874,4785,4823,5148,5143,8571,4825,5216,4845,4876,4881,5145,5160,5157,5149,361,514,5218,8574,5118,5153,5130,5142,4775,5120,4822,518,4780,4884,5155,5119,267,5151,4870
111622,2357,2193,2293,382,2852,2469,2489,2308,3287,2359,2045,2294,2304,2492,2349,2428,8023,3303,3379,2367,2172,3487,2423,3402,2221,2046,418,416,3486,2048,3543,2388,723,3302,2271,2276
111666,2761,2221,2423,7986,2469,2852,2293,3301,2359,2388,3379,382,2428,2349,2193,2046,2140,3362,3487,2172,2276,3287,3302,416,2191,2271,2170,2270,2492,2306,3258,2045,2294,3303
111682,2367,2428,3486,382,2852,2388,2293,2489,3287,8023,2045,2193,2221,2423,2357,2349,3303,3379,7986,722,2270,2359,2283,2294,2046,2469,416,2269,2048,3543,2170,2218,3302,2761,2304
112155,2357,2359,2140,3362,2852,2388,3402,2293,3258,8023,2045,2367,2218,2489,2276,3302,416,7986,2306,2270,2492,3543,2423,2046,2469,3365,2269,2048,2172,2704,426,3301,2761,2428
111648,2294,2357,3486,382,2852,2388,723,2492,3287,2304,2045,2359,2367,2349,2283,2218,3303,3379,2306,2423,2270,2293,722,2140,2046,2469,416,2269,2048,426,418,2276,3302,2761,2170
105160,5153,4825,5218,4780,5145,5149,4860,5160,5143,514,4863,509,4835,440,5138,5161,470,5117,5130,4823,471,4822,468,4843,5219,4766,518,4833,168,5141
106594,5149,5130,4766,4825,4863,4785,468,5160,383,5141,412,5150,5145,5153,3693,5119,5117,3702,4832,417,5142,518,444,3351,4824,4827,413,445,371,472,4860,5217,440,4822,4823,470,4833
111483,2423,2191,2048,3287,2293,2276,2047,2469,2856,2221,3302,2388,2306,2357,2848,3303,2367,2275,2761,2140,8023,2218,2359,2172,3486,2269,2271,2304,2489,2840
105556,5149,5150,5138,4845,4785,446,168,5161,8568,5142,4863,5153,5157,5130,5119,8574,4822,5143,5217,4825,5141,166,302,4823,4827,8566,4824,4843,514,470,442,8573,440,143
99708,2306,2423,2048,3402,2221,2849,2047,8023,3486,2848,2492,3287,2170,2218,3303,2269,2293,3258,3301,2852,2294,2428,2283,2856,2275,2359,7986,2140,2349,3302
116679,2193,8023,2848,3287,2048,2271,3487,2306,2856,416,2840,2761,2849,2852,2367,2276,2172,2423,3543,3362,7986,2304,2308,2045,3365,2704,2191,2047,3302,2218,2294,2221,418,2349
116683,418,2367,2423,3287,2851,2048,2140,2304,2704,3487,3543,2840,2428,2489,2359,2221,2270,7986,3379,2271,8023,2294,2306,2848,2275,2856,2469,2852,3302,2191,2293,2193,2170,2308
116689,2851,2856,3379,2170,2048,2359,2269,3302,3486,2848,2193,3258,3287,2761,2388,2218,2294,2849,3362,2306,2840,2492,2270,2221,2308,2172,2304,2140,426,7986,2489,418,2367,2469
116676,3303,2704,2423,2269,2048,2191,2349,3365,2271,3287,2849,3486,3487,418,7986,2761,2193,3301,3543,2276,3258,2308,2357,2852,2140,2270,2221,2856,2489,2293,2306,2388,2218,2359
116757,2761,8023,2704,2848,2048,2294,3362,3258,2851,2271,2193,7986,2489,2270,2269,2170,3486,2275,3302,418,2469,2367,3365,2221,2218,2849,3487,2840,426,2308,2359,2140,2304,3379
116674,2423,2428,2489,2170,2048,3487,2851,3302,2218,2388,2193,3258,3287,2271,2469,2294,2308,2761,3365,2357,2275,2852,2856,2221,2359,2172,2349,2140,3543,7986,2849,2293,418,3402
116759,7986,2423,2388,382,2048,2308,3287,2269,2221,2359,2849,2428,2489,2349,3402,2170,2218,2367,2271,2293,2357,3258,3301,2852,2294,416,2283,2856,3543,3379,418,2140,3362,3302
116794,2492,2269,3301,3486,2048,2359,2851,2275,2170,2428,2193,2270,2469,3543,3379,2218,2294,3402,3258,2306,2423,2852,2856,2221,2308,3487,2304,418,3303,7986,2849,2191,2367,426
116947,2170,2849,3379,426,3486,2048,2357,2269,2275,2140,2851,2704,2469,2848,2191,2293,2856,3362,2304,2489,2428,7986,2193,2306,3487,2294,2276,3287,3402,2423,2172,2359,2840
116804,2851,2270,2492,2170,2048,8023,3303,2388,2218,2856,2193,2469,2271,2269,2849,2848,2294,2308,3543,2428,2357,2852,3302,3362,2221,2359,2172,2349,2140,6888,3487,3301,2293,7986,3365
116853,2275,2388,2704,3486,2048,2848,2367,3258,2140,2270,418,2761,2489,7986,8023,2191,2293,2469,3302,2304,2269,2359,3543,2193,2306,3487,2294,2276,3365,2851,2357,2172,2849,426
116680,2349,2293,2283,2761,2048,2170,2428,426,2840,2357,2469,3543,2704,2852,8023,2359,3379,2193,2304,2308,2271,2221,382,7986,2388,2492,2218,2294,2849,2172,418
116774,3303,2704,8023,382,2048,3487,2218,3543,2357,3287,2849,3362,3365,2308,2306,2193,2140,3301,2428,2172,3258,2761,2283,2852,2191,416,2170,2856,2489,2469,2388,2367,2269,2293
116673,2276,2270,2761,3303,2851,2048,2308,3487,2492,2221,2388,2840,3543,2704,2269,2170,2218,2271,3301,2293,2469,3486,418,2848,2294,2856,2283,2852,3365,2359,7986,2140,2349,3402
116696,2218,2269,2388,2704,2170,2048,2359,2840,3301,418,2275,2193,2761,3258,2856,2293,2306,2469,3543,3486,2270,2492,2848,2221,3487,2172,2308,2140,3365,7986,2489,2283,2367,2849
116650,2489,2492,2275,382,2048,2304,2359,3302,2193,426,2849,3258,3287,3365,3362,2140,2191,2423,2469,2218,3379,2357,2367,2852,2283,416,418,2856,2761,3402,2349,2276,2306,8023
116781,3287,3301,3379,2170,2048,2848,2428,3487,2218,2388,2193,3302,3303,2271,2469,2294,2308,2761,3362,2357,2275,2423,2489,2221,2359,2172,2349,2140,3543,2851,7986,2293,2849,2492
117279,3487,2269,2704,2308,2852,2048,2283,2388,3258,3486,2270,418,2489,7986,2221,2170,2469,3302,2191,2271,2357,2367,2840,2423,2851,2172,2849,3365,2304,2349,2193,2293,8023
119273,2492,2367,2359,2852,2045,2306,3362,3258,2193,2269,2048,2761,4673,2140,2191,2270,3302,2283,2271,7986,2428,2840,2293,2851,2218,2849,4669,2357,8023,2276,2308,2489
121213,3303,2423,2271,362,2048,2359,2304,2170,371,2218,416,2306,2308,3302,2276,2849,2294,418,2851,2283,2388,3258,3693,2856,412,2852,3351,2645,2270,2275,2221,2367,3287
113405,462,5616,444,3393,6294,7315,3352,3347,7066,7247,3353,3394,468,7075,7078,470,7076,3350,464,7080,7329,7106,6295,471,7082,3355,383,412,5617,7077,386,472,3357,7098,3429,3356,7081,440,5618,459,7373,8122,454,433,368,6225,445
115513,2492,3287,2357,3702,2048,2294,2275,2849,412,2269,1979,2388,2840,2489,2221,2170,2271,2856,2191,2270,2367,7986,1981,2218,3351,2172,3693,3302,2308,2359,2193,2304,2423
115876,3395,7081,454,7074,3393,3353,7065,3482,7077,3358,3357,440,413,316,468,471,7078,383,7066,3397,6969,3350,3356,7082,7075,3352,446,456,7079,420,462,3355,7076,3484,514,386,463,459,472,282,442
108381,471,3350,423,3355,446,7081,3393,7098,7065,282,7077,3358,3357,444,383,464,445,433,7078,412,7066,3397,413,518,3353,7076,7075,3347,470,449,7079,465,456,3352,7074,3482,3484,459,454,472,420,468
124376,3393,420,464,7082,3484,5616,3483,371,444,8399,3482,368,509,449,3355,383,7064,3356,445,3429,3357,5652,423,5617,3352,7106,472,7079,7078,7065,465,3353,7081,454,7074,7075,7329,3358,446,468,3395,6225,386,462,412,7247,7077,471,7098
124532,445,282,3394,462,386,413,3437,509,3350,444,284,3351,518,423,468,433,3482,3355,446,3483,464,316,371,449,417,442,383,3396,456,463,440,3429,420
103475,3301,2293,3379,2047,2856,3258,2221,3303,2851,2275,2276,2271,2306,2357,3487,3362,2367,2761,2848,2140,8023,2218,2359,2172,3486,2469,2388,2304,2269,2849
